X	Y	SLOPE	ALOS_FILL	ASPECT	TOPOGRAPHIC	LS_FACTOR	DIRECT_INSO	CONVEXITY	WIND_EXPOSI	BUFFER	TEMP	COAST	PREC	MONTH
505483.0883	1094685.022	0.080	1604.23	4.24	10.81	1.84	7.20	46.75	1.07	440.50	16.93	64257.00	14.76	JAN
457973.3436	1103925.343	0.019	658.44	1.01	14.83	0.46	6.74	45.67	0.91	286.04	23.62	41593.00	9.33	JAN
457988.3964	1116828.597	0.047	1059.44	3.13	12.35	1.12	7.03	46.70	1.01	181.12	20.91	48918.00	6.76	JAN
545567.7398	1190568.004	0.002	1.36	1.99	20.73	0.04	6.48	21.66	0.96	606.31	24.86	4472.00	388.85	JAN
489018.6939	1043075.398	0.010	41.87	3.45	14.47	0.16	6.52	35.58	0.95	390.44	27.40	10296.00	66.63	JAN
381383.6709	1152029.561	0.041	108.98	4.95	13.09	1.04	6.50	44.51	0.95	546.66	26.86	68029.00	8.23	JAN
617455.0761	934487.5977	0.004	25.66	2.46	15.57	0.04	6.49	33.11	0.92	567.34	27.31	25807.00	89.32	JAN
549425.7955	1035732.561	0.232	1573.74	3.86	11.33	8.83	6.94	48.08	1.03	346.94	18.30	42638.00	101.38	JAN
483531.2057	1050450.269	0.054	69.71	3.10	11.78	1.14	6.62	39.06	0.95	659.94	27.43	15232.00	61.98	JAN
452543.1489	1142642.379	0.059	579.65	5.33	12.45	1.61	6.63	41.11	1.03	529.91	21.56	65765.00	291.30	JAN
362954.2147	1106003.872	0.101	173.93	4.79	9.34	1.79	6.45	36.90	1.07	375.77	26.51	25495.00	10.32	JAN
500000	1103900.97	0.060	1450.11	4.77	11.54	1.39	7.08	47.14	1.05	239.15	18.22	70838.00	58.15	JAN
611905.1541	951063.5427	0.000	21.00	3.14	16.15	0.00	6.49	31.28	0.89	470.64	27.41	37947.00	101.39	JAN
551142.0996	1118683.826	0.023	91.43	1.55	11.32	0.36	6.52	41.76	0.97	110.45	24.16	35511.00	296.39	JAN
503656.127	1087311.737	0.041	1398.80	0.33	14.02	0.89	6.99	43.79	0.95	741.29	17.34	57385.00	59.66	JAN
470767.1511	1107599.36	0.024	862.99	2.60	11.95	0.42	6.89	48.93	0.98	422.81	22.34	55036.00	6.47	JAN
326635.8516	1154103.987	0.002	19.87	0.83	15.75	0.03	6.48	31.23	0.89	717.87	27.11	26833.00	3.04	JAN
611561.8128	1072732.314	0.000	56.00	6.28	16.95	0.00	6.51	39.89	0.86	483.02	24.93	17493.00	189.44	JAN
554986.6794	985972.0955	0.000	15.40	4.82	14.89	0.00	6.50	34.56	0.91	318.40	27.41	19000.00	56.76	JAN
467065.4953	1054147.444	0.000	27.92	2.97	15.13	0.00	6.50	34.53	0.95	424.44	27.37	12530.00	39.09	JAN
589877.5946	956540.8174	0.162	84.59	3.80	10.84	4.82	6.60	34.11	0.91	372.68	27.75	35468.00	148.61	JAN
330573.4391	1211249.595	0.017	313.92	4.75	13.12	0.27	6.62	44.08	1.06	837.83	23.09	17720.00	43.99	JAN
430497.7417	1068943.548	0.080	102.61	4.75	11.52	2.06	6.46	29.64	0.97	576.01	27.22	8544.00	31.15	JAN
516445.1151	1103904.702	0.262	3085.33	3.77	7.90	6.01	6.95	54.50	1.31	499.31	7.47	70093.00	86.33	JAN
478074.2779	1105750.893	0.028	936.38	3.73	12.59	0.54	6.93	45.43	0.96	22.56	22.54	60745.00	7.08	JAN
461633.7513	1109451.224	0.044	770.80	3.84	13.46	1.43	6.88	47.26	0.96	655.11	23.12	48021.00	14.38	JAN
567584.6406	1116867.735	0.008	19.40	1.23	14.20	0.11	6.48	38.32	0.92	590.29	24.25	25807.00	320.38	JAN
458023.4529	1146322.092	0.106	499.75	2.73	11.06	2.95	6.46	39.93	1.04	454.81	22.94	72201.00	235.48	JAN
516455.0546	1081785.443	0.088	1088.26	2.20	14.43	4.25	6.88	49.39	0.82	415.20	18.81	57245.00	69.63	JAN
386699.9804	1102234.538	0.000	0.00	1.65	17.75	0.00	6.48	22.61	0.88	768.30	26.88	24166.00	15.43	JAN
332201.8504	1172516.583	0.006	82.74	5.46	15.21	0.10	6.51	42.93	0.97	323.75	26.76	21587.00	4.24	JAN
604151.4948	1105894.194	0.018	56.45	4.60	10.82	0.28	6.47	18.06	1.10	224.98	24.82	2828.00	320.82	JAN
490848.0357	1039388.483	0.000	16.15	2.47	14.05	0.00	6.50	31.60	0.91	530.53	27.40	8544.00	61.62	JAN
443343.5606	1096571.872	0.013	252.63	4.90	10.73	0.12	6.59	47.14	0.98	400.66	27.34	25060.00	16.10	JAN
525562.8992	1129716.256	0.023	229.74	0.36	12.87	0.44	6.54	42.78	1.02	495.62	22.66	47854.00	265.03	JAN
448884.4883	1137117.411	0.066	701.70	5.18	12.95	2.18	6.63	44.19	0.99	535.01	19.30	59059.00	144.66	JAN
461685.8481	1157378.035	0.010	103.24	6.16	13.86	0.16	6.51	39.03	0.93	667.93	24.37	83726.00	164.74	JAN
408734.6134	1142729.245	0.065	1454.88	4.14	9.85	1.22	7.17	50.20	1.25	349.18	18.00	53000.00	112.36	JAN
562155.1161	1087364.049	0.040	1171.39	2.83	9.77	0.59	6.98	48.60	1.12	428.79	18.29	47170.00	149.74	JAN
341096.2485	1122688.224	0.008	123.21	3.78	16.05	0.15	6.55	37.30	0.91	61.59	26.73	31765.00	4.97	JAN
520103.6723	1096533.418	0.171	1830.46	2.52	10.52	5.38	7.43	52.79	1.10	221.47	15.62	72139.00	149.84	JAN
452501.2122	1111305.437	0.011	1013.20	1.73	14.06	0.16	6.92	45.85	1.03	744.03	21.09	41110.00	6.58	JAN
558647.2275	989663.7056	0.015	49.42	4.66	13.31	0.43	6.50	38.32	0.93	485.25	27.46	23000.00	52.78	JAN
514624.5197	1087314.461	0.035	1309.28	2.28	12.23	0.72	7.09	47.95	0.98	763.08	17.37	62169.00	74.14	JAN
323444.5913	1240793.286	0.010	48.10	2.72	17.73	0.19	6.51	39.77	0.90	29753.14	24.47	18385.00	44.88	JAN
472553.2849	1052299.837	0.000	13.60	2.37	17.04	0.00	6.49	33.52	0.90	787.08	27.43	13342.00	48.20	JAN
498175.5272	1157356.824	0.036	56.00	1.08	10.70	0.49	6.48	40.07	0.94	451.60	25.18	62426.00	241.90	JAN
408630.6556	1102172.702	0.000	1.58	2.88	14.34	0.00	6.49	17.61	0.90	772.57	27.16	16031.00	6.50	JAN
465268.3692	1089171.235	0.124	984.19	5.36	9.46	2.61	6.62	45.88	1.12	577.36	20.27	42942.00	29.01	JAN
335985.2137	1200158.114	0.044	379.01	4.08	11.01	0.80	6.70	46.29	1.10	495.35	24.59	25495.00	30.60	JAN
483528.0309	1043077.361	0.013	39.25	3.81	11.27	0.15	6.49	28.46	0.96	701.28	27.43	8062.00	71.12	JAN
505481.9784	1102058.109	0.165	2050.98	4.56	9.69	4.31	7.27	50.18	1.17	649.77	17.44	70774.00	37.22	JAN
521966.8474	1035707.211	0.215	1136.92	2.33	7.91	4.54	7.09	46.97	1.17	138.17	22.94	22627.00	54.45	JAN
476242.3007	1098378.898	0.039	848.19	6.02	14.48	1.05	6.76	43.11	0.93	483.64	22.41	56754.00	7.39	JAN
490862.4409	1098372.295	0.015	1154.24	4.86	12.34	0.21	6.97	44.68	0.98	533.17	19.57	62968.00	11.36	JAN
481717.5132	1083629.565	0.123	1032.62	4.05	11.52	4.21	6.86	47.27	0.95	444.75	20.41	45880.00	20.05	JAN
483555.7222	1105747.986	0.027	1076.65	4.40	12.93	0.54	6.96	44.57	0.99	485.81	20.83	65460.00	16.91	JAN
479921.1923	1140772.626	0.049	453.24	1.29	10.97	0.90	6.64	44.89	1.02	193.84	22.32	81345.00	262.30	JAN
423258.3138	1105825.655	0.082	160.71	3.31	10.86	1.89	6.71	40.27	1.00	260.40	26.35	19925.00	7.70	JAN
611835.7466	976871.4804	0.053	940.41	5.95	9.18	0.79	6.78	47.72	1.09	362.06	21.73	62241.00	87.77	JAN
512792.5868	1098373.396	0.152	2496.25	3.86	9.46	3.69	7.67	53.14	1.21	587.30	12.45	71113.00	37.40	JAN
326544.2777	1135664.179	0.006	49.02	3.21	14.87	0.08	6.49	30.94	0.91	515.11	26.97	29411.00	6.74	JAN
479897.3443	1098376.697	0.062	892.97	4.85	13.62	2.23	6.85	43.04	0.90	501.73	21.94	58592.00	9.38	JAN
374056.6271	1144680.605	0.003	15.09	6.23	17.10	0.04	6.47	38.05	0.88	76.04	26.45	65192.00	9.78	JAN
394175.8594	1157518.96	0.045	575.39	4.21	10.88	0.85	6.77	47.71	1.06	298.82	22.38	69635.00	62.67	JAN
503655.0226	1098371.332	0.126	1756.99	4.45	9.67	2.88	7.22	47.94	1.13	697.36	15.37	67624.00	19.45	JAN
500000	1096527.879	0.043	1378.72	4.37	11.05	0.74	7.09	45.67	1.01	276.46	18.71	64257.00	12.00	JAN
540211.5959	1092863.429	0.166	847.02	4.50	8.74	3.70	6.82	42.54	1.03	251.05	20.87	62626.00	139.81	JAN
465280.6404	1102074.3	0.026	658.74	4.23	12.45	0.49	6.79	48.61	0.97	500.94	24.40	47170.00	9.88	JAN
388859.3631	1205470.516	0.003	48.73	1.07	15.35	0.03	6.50	40.94	0.94	450.07	24.63	76295.00	139.39	JAN
531101.7709	1057832.404	0.118	2688.57	0.36	11.34	3.62	7.23	52.85	1.12	118.92	10.12	43932.00	41.14	JAN
560432.4744	1021001.884	0.051	541.44	3.16	12.61	1.35	6.81	41.37	0.96	565.05	24.90	38897.00	74.10	JAN
456173.1076	1126047.47	0.061	1749.47	3.96	9.91	1.11	7.29	50.64	1.19	389.48	15.99	53907.00	26.33	JAN
505483.0883	1094685.022	0.080	1604.23	4.24	10.81	1.84	7.20	46.75	1.07	440.50	16.86	64257.00	9.32	FEB
457973.3436	1103925.343	0.019	658.44	1.01	14.83	0.46	6.74	45.67	0.91	286.04	24.27	41593.00	9.76	FEB
457988.3964	1116828.597	0.047	1059.44	3.13	12.35	1.12	7.03	46.70	1.01	181.12	21.26	48918.00	6.46	FEB
545567.7398	1190568.004	0.002	1.36	1.99	20.73	0.04	6.48	21.66	0.96	606.31	25.10	4472.00	226.52	FEB
489018.6939	1043075.398	0.010	41.87	3.45	14.47	0.16	6.52	35.58	0.95	390.44	27.80	10296.00	33.89	FEB
381383.6709	1152029.561	0.041	108.98	4.95	13.09	1.04	6.50	44.51	0.95	546.66	26.89	68029.00	14.37	FEB
617455.0761	934487.5977	0.004	25.66	2.46	15.57	0.04	6.49	33.11	0.92	567.34	27.70	25807.00	69.71	FEB
549425.7955	1035732.561	0.232	1573.74	3.86	11.33	8.83	6.94	48.08	1.03	346.94	18.52	42638.00	85.58	FEB
483531.2057	1050450.269	0.054	69.71	3.10	11.78	1.14	6.62	39.06	0.95	659.94	27.83	15232.00	37.10	FEB
452543.1489	1142642.379	0.059	579.65	5.33	12.45	1.61	6.63	41.11	1.03	529.91	21.74	65765.00	177.13	FEB
362954.2147	1106003.872	0.101	173.93	4.79	9.34	1.79	6.45	36.90	1.07	375.77	27.27	25495.00	10.77	FEB
500000	1103900.97	0.060	1450.11	4.77	11.54	1.39	7.08	47.14	1.05	239.15	17.29	70838.00	39.06	FEB
611905.1541	951063.5427	0.000	21.00	3.14	16.15	0.00	6.49	31.28	0.89	470.64	27.81	37947.00	97.89	FEB
551142.0996	1118683.826	0.023	91.43	1.55	11.32	0.36	6.52	41.76	0.97	110.45	24.21	35511.00	185.66	FEB
503656.127	1087311.737	0.041	1398.80	0.33	14.02	0.89	6.99	43.79	0.95	741.29	17.93	57385.00	40.09	FEB
470767.1511	1107599.36	0.024	862.99	2.60	11.95	0.42	6.89	48.93	0.98	422.81	23.15	55036.00	11.45	FEB
326635.8516	1154103.987	0.002	19.87	0.83	15.75	0.03	6.48	31.23	0.89	717.87	27.95	26833.00	5.39	FEB
611561.8128	1072732.314	0.000	56.00	6.28	16.95	0.00	6.51	39.89	0.86	483.02	25.30	17493.00	198.53	FEB
554986.6794	985972.0955	0.000	15.40	4.82	14.89	0.00	6.50	34.56	0.91	318.40	27.81	19000.00	47.72	FEB
467065.4953	1054147.444	0.000	27.92	2.97	15.13	0.00	6.50	34.53	0.95	424.44	27.77	12530.00	30.09	FEB
589877.5946	956540.8174	0.162	84.59	3.80	10.84	4.82	6.60	34.11	0.91	372.68	27.83	35468.00	143.78	FEB
330573.4391	1211249.595	0.017	313.92	4.75	13.12	0.27	6.62	44.08	1.06	837.83	23.31	17720.00	20.43	FEB
430497.7417	1068943.548	0.080	102.61	4.75	11.52	2.06	6.46	29.64	0.97	576.01	28.06	8544.00	21.24	FEB
516445.1151	1103904.702	0.262	3085.33	3.77	7.90	6.01	6.95	54.50	1.31	499.31	7.84	70093.00	48.41	FEB
478074.2779	1105750.893	0.028	936.38	3.73	12.59	0.54	6.93	45.43	0.96	22.56	23.09	60745.00	10.31	FEB
461633.7513	1109451.224	0.044	770.80	3.84	13.46	1.43	6.88	47.26	0.96	655.11	23.71	48021.00	15.14	FEB
567584.6406	1116867.735	0.008	19.40	1.23	14.20	0.11	6.48	38.32	0.92	590.29	24.05	25807.00	191.17	FEB
458023.4529	1146322.092	0.106	499.75	2.73	11.06	2.95	6.46	39.93	1.04	454.81	23.15	72201.00	155.95	FEB
516455.0546	1081785.443	0.088	1088.26	2.20	14.43	4.25	6.88	49.39	0.82	415.20	18.98	57245.00	51.13	FEB
386699.9804	1102234.538	0.000	0.00	1.65	17.75	0.00	6.48	22.61	0.88	768.30	27.68	24166.00	14.85	FEB
332201.8504	1172516.583	0.006	82.74	5.46	15.21	0.10	6.51	42.93	0.97	323.75	27.51	21587.00	1.52	FEB
604151.4948	1105894.194	0.018	56.45	4.60	10.82	0.28	6.47	18.06	1.10	224.98	24.78	2828.00	201.55	FEB
490848.0357	1039388.483	0.000	16.15	2.47	14.05	0.00	6.50	31.60	0.91	530.53	27.80	8544.00	38.68	FEB
443343.5606	1096571.872	0.013	252.63	4.90	10.73	0.12	6.59	47.14	0.98	400.66	28.38	25060.00	20.79	FEB
525562.8992	1129716.256	0.023	229.74	0.36	12.87	0.44	6.54	42.78	1.02	495.62	22.79	47854.00	198.11	FEB
448884.4883	1137117.411	0.066	701.70	5.18	12.95	2.18	6.63	44.19	0.99	535.01	19.44	59059.00	73.66	FEB
461685.8481	1157378.035	0.010	103.24	6.16	13.86	0.16	6.51	39.03	0.93	667.93	24.61	83726.00	101.19	FEB
408734.6134	1142729.245	0.065	1454.88	4.14	9.85	1.22	7.17	50.20	1.25	349.18	18.35	53000.00	68.60	FEB
562155.1161	1087364.049	0.040	1171.39	2.83	9.77	0.59	6.98	48.60	1.12	428.79	18.47	47170.00	98.84	FEB
341096.2485	1122688.224	0.008	123.21	3.78	16.05	0.15	6.55	37.30	0.91	61.59	27.17	31765.00	10.76	FEB
520103.6723	1096533.418	0.171	1830.46	2.52	10.52	5.38	7.43	52.79	1.10	221.47	15.80	72139.00	76.56	FEB
452501.2122	1111305.437	0.011	1013.20	1.73	14.06	0.16	6.92	45.85	1.03	744.03	21.47	41110.00	4.73	FEB
558647.2275	989663.7056	0.015	49.42	4.66	13.31	0.43	6.50	38.32	0.93	485.25	27.66	23000.00	59.06	FEB
514624.5197	1087314.461	0.035	1309.28	2.28	12.23	0.72	7.09	47.95	0.98	763.08	17.57	62169.00	51.50	FEB
323444.5913	1240793.286	0.010	48.10	2.72	17.73	0.19	6.51	39.77	0.90	29753.14	24.72	18385.00	16.79	FEB
472553.2849	1052299.837	0.000	13.60	2.37	17.04	0.00	6.49	33.52	0.90	787.08	27.83	13342.00	17.57	FEB
498175.5272	1157356.824	0.036	56.00	1.08	10.70	0.49	6.48	40.07	0.94	451.60	25.05	62426.00	154.02	FEB
408630.6556	1102172.702	0.000	1.58	2.88	14.34	0.00	6.49	17.61	0.90	772.57	27.96	16031.00	6.26	FEB
465268.3692	1089171.235	0.124	984.19	5.36	9.46	2.61	6.62	45.88	1.12	577.36	20.75	42942.00	27.66	FEB
335985.2137	1200158.114	0.044	379.01	4.08	11.01	0.80	6.70	46.29	1.10	495.35	25.08	25495.00	10.50	FEB
483528.0309	1043077.361	0.013	39.25	3.81	11.27	0.15	6.49	28.46	0.96	701.28	27.83	8062.00	42.99	FEB
505481.9784	1102058.109	0.165	2050.98	4.56	9.69	4.31	7.27	50.18	1.17	649.77	17.44	70774.00	21.33	FEB
521966.8474	1035707.211	0.215	1136.92	2.33	7.91	4.54	7.09	46.97	1.17	138.17	23.28	22627.00	43.60	FEB
476242.3007	1098378.898	0.039	848.19	6.02	14.48	1.05	6.76	43.11	0.93	483.64	22.92	56754.00	11.30	FEB
490862.4409	1098372.295	0.015	1154.24	4.86	12.34	0.21	6.97	44.68	0.98	533.17	19.60	62968.00	10.89	FEB
481717.5132	1083629.565	0.123	1032.62	4.05	11.52	4.21	6.86	47.27	0.95	444.75	20.73	45880.00	34.46	FEB
483555.7222	1105747.986	0.027	1076.65	4.40	12.93	0.54	6.96	44.57	0.99	485.81	21.19	65460.00	17.52	FEB
479921.1923	1140772.626	0.049	453.24	1.29	10.97	0.90	6.64	44.89	1.02	193.84	22.52	81345.00	205.36	FEB
423258.3138	1105825.655	0.082	160.71	3.31	10.86	1.89	6.71	40.27	1.00	260.40	27.33	19925.00	6.36	FEB
611835.7466	976871.4804	0.053	940.41	5.95	9.18	0.79	6.78	47.72	1.09	362.06	22.06	62241.00	78.87	FEB
512792.5868	1098373.396	0.152	2496.25	3.86	9.46	3.69	7.67	53.14	1.21	587.30	12.75	71113.00	16.63	FEB
326544.2777	1135664.179	0.006	49.02	3.21	14.87	0.08	6.49	30.94	0.91	515.11	19.46	29411.00	5.17	FEB
479897.3443	1098376.697	0.062	892.97	4.85	13.62	2.23	6.85	43.04	0.90	501.73	22.41	58592.00	12.16	FEB
374056.6271	1144680.605	0.003	15.09	6.23	17.10	0.04	6.47	38.05	0.88	76.04	27.37	65192.00	14.39	FEB
394175.8594	1157518.96	0.045	575.39	4.21	10.88	0.85	6.77	47.71	1.06	298.82	22.56	69635.00	26.70	FEB
503655.0226	1098371.332	0.126	1756.99	4.45	9.67	2.88	7.22	47.94	1.13	697.36	14.38	67624.00	17.73	FEB
500000	1096527.879	0.043	1378.72	4.37	11.05	0.74	7.09	45.67	1.01	276.46	18.83	64257.00	16.14	FEB
540211.5959	1092863.429	0.166	847.02	4.50	8.74	3.70	6.82	42.54	1.03	251.05	20.99	62626.00	99.70	FEB
465280.6404	1102074.3	0.026	658.74	4.23	12.45	0.49	6.79	48.61	0.97	500.94	25.10	47170.00	18.46	FEB
388859.3631	1205470.516	0.003	48.73	1.07	15.35	0.03	6.50	40.94	0.94	450.07	24.87	76295.00	67.36	FEB
531101.7709	1057832.404	0.118	2688.57	0.36	11.34	3.62	7.23	52.85	1.12	118.92	10.67	43932.00	33.75	FEB
560432.4744	1021001.884	0.051	541.44	3.16	12.61	1.35	6.81	41.37	0.96	565.05	25.45	38897.00	50.40	FEB
456173.1076	1126047.47	0.061	1749.47	3.96	9.91	1.11	7.29	50.64	1.19	389.48	16.07	53907.00	15.18	FEB
505483.0883	1094685.022	0.080	1604.23	4.24	10.81	1.84	7.20	46.75	1.07	440.50	17.94	64257.00	10.37	MAR
457973.3436	1103925.343	0.019	658.44	1.01	14.83	0.46	6.74	45.67	0.91	286.04	24.90	41593.00	15.26	MAR
457988.3964	1116828.597	0.047	1059.44	3.13	12.35	1.12	7.03	46.70	1.01	181.12	22.07	48918.00	7.39	MAR
545567.7398	1190568.004	0.002	1.36	1.99	20.73	0.04	6.48	21.66	0.96	606.31	25.90	4472.00	158.51	MAR
489018.6939	1043075.398	0.010	41.87	3.45	14.47	0.16	6.52	35.58	0.95	390.44	28.27	10296.00	52.93	MAR
381383.6709	1152029.561	0.041	108.98	4.95	13.09	1.04	6.50	44.51	0.95	546.66	28.37	68029.00	11.54	MAR
617455.0761	934487.5977	0.004	25.66	2.46	15.57	0.04	6.49	33.11	0.92	567.34	28.17	25807.00	95.28	MAR
549425.7955	1035732.561	0.232	1573.74	3.86	11.33	8.83	6.94	48.08	1.03	346.94	19.08	42638.00	116.71	MAR
483531.2057	1050450.269	0.054	69.71	3.10	11.78	1.14	6.62	39.06	0.95	659.94	28.30	15232.00	64.05	MAR
452543.1489	1142642.379	0.059	579.65	5.33	12.45	1.61	6.63	41.11	1.03	529.91	22.55	65765.00	96.81	MAR
362954.2147	1106003.872	0.101	173.93	4.79	9.34	1.79	6.45	36.90	1.07	375.77	31.57	25495.00	11.96	MAR
500000	1103900.97	0.060	1450.11	4.77	11.54	1.39	7.08	47.14	1.05	239.15	19.28	70838.00	31.54	MAR
611905.1541	951063.5427	0.000	21.00	3.14	16.15	0.00	6.49	31.28	0.89	470.64	28.28	37947.00	123.32	MAR
551142.0996	1118683.826	0.023	91.43	1.55	11.32	0.36	6.52	41.76	0.97	110.45	24.99	35511.00	171.25	MAR
503656.127	1087311.737	0.041	1398.80	0.33	14.02	0.89	6.99	43.79	0.95	741.29	18.69	57385.00	34.88	MAR
470767.1511	1107599.36	0.024	862.99	2.60	11.95	0.42	6.89	48.93	0.98	422.81	24.06	55036.00	13.78	MAR
326635.8516	1154103.987	0.002	19.87	0.83	15.75	0.03	6.48	31.23	0.89	717.87	28.87	26833.00	3.63	MAR
611561.8128	1072732.314	0.000	56.00	6.28	16.95	0.00	6.51	39.89	0.86	483.02	22.48	17493.00	155.80	MAR
554986.6794	985972.0955	0.000	15.40	4.82	14.89	0.00	6.50	34.56	0.91	318.40	28.31	19000.00	79.23	MAR
467065.4953	1054147.444	0.000	27.92	2.97	15.13	0.00	6.50	34.53	0.95	424.44	28.23	12530.00	47.62	MAR
589877.5946	956540.8174	0.162	84.59	3.80	10.84	4.82	6.60	34.11	0.91	372.68	28.03	35468.00	195.55	MAR
330573.4391	1211249.595	0.017	313.92	4.75	13.12	0.27	6.62	44.08	1.06	837.83	24.12	17720.00	19.44	MAR
430497.7417	1068943.548	0.080	102.61	4.75	11.52	2.06	6.46	29.64	0.97	576.01	28.99	8544.00	30.94	MAR
516445.1151	1103904.702	0.262	3085.33	3.77	7.90	6.01	6.95	54.50	1.31	499.31	8.59	70093.00	33.09	MAR
478074.2779	1105750.893	0.028	936.38	3.73	12.59	0.54	6.93	45.43	0.96	22.56	23.79	60745.00	13.89	MAR
461633.7513	1109451.224	0.044	770.80	3.84	13.46	1.43	6.88	47.26	0.96	655.11	24.38	48021.00	18.30	MAR
567584.6406	1116867.735	0.008	19.40	1.23	14.20	0.11	6.48	38.32	0.92	590.29	24.76	25807.00	173.00	MAR
458023.4529	1146322.092	0.106	499.75	2.73	11.06	2.95	6.46	39.93	1.04	454.81	23.96	72201.00	107.57	MAR
516455.0546	1081785.443	0.088	1088.26	2.20	14.43	4.25	6.88	49.39	0.82	415.20	19.73	57245.00	39.54	MAR
386699.9804	1102234.538	0.000	0.00	1.65	17.75	0.00	6.48	22.61	0.88	768.30	28.62	24166.00	12.93	MAR
332201.8504	1172516.583	0.006	82.74	5.46	15.21	0.10	6.51	42.93	0.97	323.75	28.72	21587.00	4.62	MAR
604151.4948	1105894.194	0.018	56.45	4.60	10.82	0.28	6.47	18.06	1.10	224.98	25.52	2828.00	197.26	MAR
490848.0357	1039388.483	0.000	16.15	2.47	14.05	0.00	6.50	31.60	0.91	530.53	28.27	8544.00	60.63	MAR
443343.5606	1096571.872	0.013	252.63	4.90	10.73	0.12	6.59	47.14	0.98	400.66	28.77	25060.00	20.74	MAR
525562.8992	1129716.256	0.023	229.74	0.36	12.87	0.44	6.54	42.78	1.02	495.62	23.74	47854.00	184.80	MAR
448884.4883	1137117.411	0.066	701.70	5.18	12.95	2.18	6.63	44.19	0.99	535.01	20.24	59059.00	53.92	MAR
461685.8481	1157378.035	0.010	103.24	6.16	13.86	0.16	6.51	39.03	0.93	667.93	25.43	83726.00	76.82	MAR
408734.6134	1142729.245	0.065	1454.88	4.14	9.85	1.22	7.17	50.20	1.25	349.18	19.08	53000.00	53.32	MAR
562155.1161	1087364.049	0.040	1171.39	2.83	9.77	0.59	6.98	48.60	1.12	428.79	19.09	47170.00	86.19	MAR
341096.2485	1122688.224	0.008	123.21	3.78	16.05	0.15	6.55	37.30	0.91	61.59	28.93	31765.00	24.35	MAR
520103.6723	1096533.418	0.171	1830.46	2.52	10.52	5.38	7.43	52.79	1.10	221.47	16.23	72139.00	70.51	MAR
452501.2122	1111305.437	0.011	1013.20	1.73	14.06	0.16	6.92	45.85	1.03	744.03	22.27	41110.00	8.52	MAR
558647.2275	989663.7056	0.015	49.42	4.66	13.31	0.43	6.50	38.32	0.93	485.25	28.19	23000.00	91.61	MAR
514624.5197	1087314.461	0.035	1309.28	2.28	12.23	0.72	7.09	47.95	0.98	763.08	18.32	62169.00	44.93	MAR
323444.5913	1240793.286	0.010	48.10	2.72	17.73	0.19	6.51	39.77	0.90	29753.14	25.53	18385.00	14.82	MAR
472553.2849	1052299.837	0.000	13.60	2.37	17.04	0.00	6.49	33.52	0.90	787.08	28.29	13342.00	36.61	MAR
498175.5272	1157356.824	0.036	56.00	1.08	10.70	0.49	6.48	40.07	0.94	451.60	25.83	62426.00	144.82	MAR
408630.6556	1102172.702	0.000	1.58	2.88	14.34	0.00	6.49	17.61	0.90	772.57	28.79	16031.00	6.52	MAR
465268.3692	1089171.235	0.124	984.19	5.36	9.46	2.61	6.62	45.88	1.12	577.36	21.30	42942.00	52.19	MAR
335985.2137	1200158.114	0.044	379.01	4.08	11.01	0.80	6.70	46.29	1.10	495.35	26.16	25495.00	13.99	MAR
483528.0309	1043077.361	0.013	39.25	3.81	11.27	0.15	6.49	28.46	0.96	701.28	28.30	8062.00	67.07	MAR
505481.9784	1102058.109	0.165	2050.98	4.56	9.69	4.31	7.27	50.18	1.17	649.77	18.48	70774.00	22.14	MAR
521966.8474	1035707.211	0.215	1136.92	2.33	7.91	4.54	7.09	46.97	1.17	138.17	23.78	22627.00	58.88	MAR
476242.3007	1098378.898	0.039	848.19	6.02	14.48	1.05	6.76	43.11	0.93	483.64	23.64	56754.00	18.21	MAR
490862.4409	1098372.295	0.015	1154.24	4.86	12.34	0.21	6.97	44.68	0.98	533.17	20.60	62968.00	11.89	MAR
481717.5132	1083629.565	0.123	1032.62	4.05	11.52	4.21	6.86	47.27	0.95	444.75	21.24	45880.00	46.33	MAR
483555.7222	1105747.986	0.027	1076.65	4.40	12.93	0.54	6.96	44.57	0.99	485.81	22.00	65460.00	22.00	MAR
479921.1923	1140772.626	0.049	453.24	1.29	10.97	0.90	6.64	44.89	1.02	193.84	23.33	81345.00	153.23	MAR
423258.3138	1105825.655	0.082	160.71	3.31	10.86	1.89	6.71	40.27	1.00	260.40	28.93	19925.00	7.81	MAR
611835.7466	976871.4804	0.053	940.41	5.95	9.18	0.79	6.78	47.72	1.09	362.06	22.57	62241.00	103.43	MAR
512792.5868	1098373.396	0.152	2496.25	3.86	9.46	3.69	7.67	53.14	1.21	587.30	13.47	71113.00	16.90	MAR
326544.2777	1135664.179	0.006	49.02	3.21	14.87	0.08	6.49	30.94	0.91	515.11	28.62	29411.00	7.41	MAR
479897.3443	1098376.697	0.062	892.97	4.85	13.62	2.23	6.85	43.04	0.90	501.73	23.16	58592.00	14.39	MAR
374056.6271	1144680.605	0.003	15.09	6.23	17.10	0.04	6.47	38.05	0.88	76.04	28.35	65192.00	13.91	MAR
394175.8594	1157518.96	0.045	575.39	4.21	10.88	0.85	6.77	47.71	1.06	298.82	23.56	69635.00	23.83	MAR
503655.0226	1098371.332	0.126	1756.99	4.45	9.67	2.88	7.22	47.94	1.13	697.36	15.28	67624.00	13.98	MAR
500000	1096527.879	0.043	1378.72	4.37	11.05	0.74	7.09	45.67	1.01	276.46	19.79	64257.00	14.05	MAR
540211.5959	1092863.429	0.166	847.02	4.50	8.74	3.70	6.82	42.54	1.03	251.05	21.90	62626.00	67.90	MAR
465280.6404	1102074.3	0.026	658.74	4.23	12.45	0.49	6.79	48.61	0.97	500.94	25.50	47170.00	23.55	MAR
388859.3631	1205470.516	0.003	48.73	1.07	15.35	0.03	6.50	40.94	0.94	450.07	25.70	76295.00	54.16	MAR
531101.7709	1057832.404	0.118	2688.57	0.36	11.34	3.62	7.23	52.85	1.12	118.92	11.45	43932.00	31.14	MAR
560432.4744	1021001.884	0.051	541.44	3.16	12.61	1.35	6.81	41.37	0.96	565.05	25.85	38897.00	85.85	MAR
456173.1076	1126047.47	0.061	1749.47	3.96	9.91	1.11	7.29	50.64	1.19	389.48	16.52	53907.00	15.36	MAR
505483.0883	1094685.022	0.080	1604.23	4.24	10.81	1.84	7.20	46.75	1.07	440.50	18.81	64257.00	44.93	APR
457973.3436	1103925.343	0.019	658.44	1.01	14.83	0.46	6.74	45.67	0.91	286.04	24.85	41593.00	53.66	APR
457988.3964	1116828.597	0.047	1059.44	3.13	12.35	1.12	7.03	46.70	1.01	181.12	22.39	48918.00	38.18	APR
545567.7398	1190568.004	0.002	1.36	1.99	20.73	0.04	6.48	21.66	0.96	606.31	26.54	4472.00	237.18	APR
489018.6939	1043075.398	0.010	41.87	3.45	14.47	0.16	6.52	35.58	0.95	390.44	28.28	10296.00	159.40	APR
381383.6709	1152029.561	0.041	108.98	4.95	13.09	1.04	6.50	44.51	0.95	546.66	29.07	68029.00	32.65	APR
617455.0761	934487.5977	0.004	25.66	2.46	15.57	0.04	6.49	33.11	0.92	567.34	28.18	25807.00	192.38	APR
549425.7955	1035732.561	0.232	1573.74	3.86	11.33	8.83	6.94	48.08	1.03	346.94	19.18	42638.00	250.44	APR
483531.2057	1050450.269	0.054	69.71	3.10	11.78	1.14	6.62	39.06	0.95	659.94	28.31	15232.00	161.24	APR
452543.1489	1142642.379	0.059	579.65	5.33	12.45	1.61	6.63	41.11	1.03	529.91	23.08	65765.00	116.72	APR
362954.2147	1106003.872	0.101	173.93	4.79	9.34	1.79	6.45	36.90	1.07	375.77	28.55	25495.00	47.89	APR
500000	1103900.97	0.060	1450.11	4.77	11.54	1.39	7.08	47.14	1.05	239.15	19.97	70838.00	67.19	APR
611905.1541	951063.5427	0.000	21.00	3.14	16.15	0.00	6.49	31.28	0.89	470.64	28.29	37947.00	243.75	APR
551142.0996	1118683.826	0.023	91.43	1.55	11.32	0.36	6.52	41.76	0.97	110.45	25.51	35511.00	255.21	APR
503656.127	1087311.737	0.041	1398.80	0.33	14.02	0.89	6.99	43.79	0.95	741.29	19.91	57385.00	72.80	APR
470767.1511	1107599.36	0.024	862.99	2.60	11.95	0.42	6.89	48.93	0.98	422.81	24.01	55036.00	61.01	APR
326635.8516	1154103.987	0.002	19.87	0.83	15.75	0.03	6.48	31.23	0.89	717.87	32.52	26833.00	32.87	APR
611561.8128	1072732.314	0.000	56.00	6.28	16.95	0.00	6.51	39.89	0.86	483.02	26.53	17493.00	199.00	APR
554986.6794	985972.0955	0.000	15.40	4.82	14.89	0.00	6.50	34.56	0.91	318.40	28.29	19000.00	212.06	APR
467065.4953	1054147.444	0.000	27.92	2.97	15.13	0.00	6.50	34.53	0.95	424.44	28.25	12530.00	131.32	APR
589877.5946	956540.8174	0.162	84.59	3.80	10.84	4.82	6.60	34.11	0.91	372.68	27.92	35468.00	289.40	APR
330573.4391	1211249.595	0.017	313.92	4.75	13.12	0.27	6.62	44.08	1.06	837.83	24.69	17720.00	39.45	APR
430497.7417	1068943.548	0.080	102.61	4.75	11.52	2.06	6.46	29.64	0.97	576.01	29.30	8544.00	80.38	APR
516445.1151	1103904.702	0.262	3085.33	3.77	7.90	6.01	6.95	54.50	1.31	499.31	8.59	70093.00	85.76	APR
478074.2779	1105750.893	0.028	936.38	3.73	12.59	0.54	6.93	45.43	0.96	22.56	23.90	60745.00	78.14	APR
461633.7513	1109451.224	0.044	770.80	3.84	13.46	1.43	6.88	47.26	0.96	655.11	24.40	48021.00	67.20	APR
567584.6406	1116867.735	0.008	19.40	1.23	14.20	0.11	6.48	38.32	0.92	590.29	25.02	25807.00	243.82	APR
458023.4529	1146322.092	0.106	499.75	2.73	11.06	2.95	6.46	39.93	1.04	454.81	24.53	72201.00	139.74	APR
516455.0546	1081785.443	0.088	1088.26	2.20	14.43	4.25	6.88	49.39	0.82	415.20	20.22	57245.00	84.25	APR
386699.9804	1102234.538	0.000	0.00	1.65	17.75	0.00	6.48	22.61	0.88	768.30	28.94	24166.00	51.35	APR
332201.8504	1172516.583	0.006	82.74	5.46	15.21	0.10	6.51	42.93	0.97	323.75	29.32	21587.00	23.86	APR
604151.4948	1105894.194	0.018	56.45	4.60	10.82	0.28	6.47	18.06	1.10	224.98	26.07	2828.00	290.50	APR
490848.0357	1039388.483	0.000	16.15	2.47	14.05	0.00	6.50	31.60	0.91	530.53	28.28	8544.00	168.00	APR
443343.5606	1096571.872	0.013	252.63	4.90	10.73	0.12	6.59	47.14	0.98	400.66	28.21	25060.00	82.28	APR
525562.8992	1129716.256	0.023	229.74	0.36	12.87	0.44	6.54	42.78	1.02	495.62	24.10	47854.00	230.89	APR
448884.4883	1137117.411	0.066	701.70	5.18	12.95	2.18	6.63	44.19	0.99	535.01	20.71	59059.00	78.08	APR
461685.8481	1157378.035	0.010	103.24	6.16	13.86	0.16	6.51	39.03	0.93	667.93	26.02	83726.00	102.32	APR
408734.6134	1142729.245	0.065	1454.88	4.14	9.85	1.22	7.17	50.20	1.25	349.18	19.73	53000.00	61.24	APR
562155.1161	1087364.049	0.040	1171.39	2.83	9.77	0.59	6.98	48.60	1.12	428.79	19.70	47170.00	143.40	APR
341096.2485	1122688.224	0.008	123.21	3.78	16.05	0.15	6.55	37.30	0.91	61.59	29.28	31765.00	68.10	APR
520103.6723	1096533.418	0.171	1830.46	2.52	10.52	5.38	7.43	52.79	1.10	221.47	16.75	72139.00	97.38	APR
452501.2122	1111305.437	0.011	1013.20	1.73	14.06	0.16	6.92	45.85	1.03	744.03	22.57	41110.00	41.32	APR
558647.2275	989663.7056	0.015	49.42	4.66	13.31	0.43	6.50	38.32	0.93	485.25	28.10	23000.00	225.90	APR
514624.5197	1087314.461	0.035	1309.28	2.28	12.23	0.72	7.09	47.95	0.98	763.08	18.79	62169.00	67.29	APR
323444.5913	1240793.286	0.010	48.10	2.72	17.73	0.19	6.51	39.77	0.90	29753.14	26.14	18385.00	28.89	APR
472553.2849	1052299.837	0.000	13.60	2.37	17.04	0.00	6.49	33.52	0.90	787.08	28.30	13342.00	124.28	APR
498175.5272	1157356.824	0.036	56.00	1.08	10.70	0.49	6.48	40.07	0.94	451.60	26.67	62426.00	173.48	APR
408630.6556	1102172.702	0.000	1.58	2.88	14.34	0.00	6.49	17.61	0.90	772.57	29.18	16031.00	34.97	APR
465268.3692	1089171.235	0.124	984.19	5.36	9.46	2.61	6.62	45.88	1.12	577.36	21.45	42942.00	123.21	APR
335985.2137	1200158.114	0.044	379.01	4.08	11.01	0.80	6.70	46.29	1.10	495.35	26.51	25495.00	34.96	APR
483528.0309	1043077.361	0.013	39.25	3.81	11.27	0.15	6.49	28.46	0.96	701.28	28.31	8062.00	169.81	APR
505481.9784	1102058.109	0.165	2050.98	4.56	9.69	4.31	7.27	50.18	1.17	649.77	19.27	70774.00	69.36	APR
521966.8474	1035707.211	0.215	1136.92	2.33	7.91	4.54	7.09	46.97	1.17	138.17	27.18	22627.00	162.52	APR
476242.3007	1098378.898	0.039	848.19	6.02	14.48	1.05	6.76	43.11	0.93	483.64	23.76	56754.00	74.76	APR
490862.4409	1098372.295	0.015	1154.24	4.86	12.34	0.21	6.97	44.68	0.98	533.17	21.27	62968.00	50.57	APR
481717.5132	1083629.565	0.123	1032.62	4.05	11.52	4.21	6.86	47.27	0.95	444.75	21.35	45880.00	91.48	APR
483555.7222	1105747.986	0.027	1076.65	4.40	12.93	0.54	6.96	44.57	0.99	485.81	22.34	65460.00	82.19	APR
479921.1923	1140772.626	0.049	453.24	1.29	10.97	0.90	6.64	44.89	1.02	193.84	23.88	81345.00	167.12	APR
423258.3138	1105825.655	0.082	160.71	3.31	10.86	1.89	6.71	40.27	1.00	260.40	27.87	19925.00	42.81	APR
611835.7466	976871.4804	0.053	940.41	5.95	9.18	0.79	6.78	47.72	1.09	362.06	22.66	62241.00	226.99	APR
512792.5868	1098373.396	0.152	2496.25	3.86	9.46	3.69	7.67	53.14	1.21	587.30	13.89	71113.00	48.76	APR
326544.2777	1135664.179	0.006	49.02	3.21	14.87	0.08	6.49	30.94	0.91	515.11	29.14	29411.00	37.16	APR
479897.3443	1098376.697	0.062	892.97	4.85	13.62	2.23	6.85	43.04	0.90	501.73	23.34	58592.00	72.16	APR
374056.6271	1144680.605	0.003	15.09	6.23	17.10	0.04	6.47	38.05	0.88	76.04	28.94	65192.00	41.83	APR
394175.8594	1157518.96	0.045	575.39	4.21	10.88	0.85	6.77	47.71	1.06	298.82	24.14	69635.00	33.53	APR
503655.0226	1098371.332	0.126	1756.99	4.45	9.67	2.88	7.22	47.94	1.13	697.36	16.50	67624.00	73.21	APR
500000	1096527.879	0.043	1378.72	4.37	11.05	0.74	7.09	45.67	1.01	276.46	20.41	64257.00	72.20	APR
540211.5959	1092863.429	0.166	847.02	4.50	8.74	3.70	6.82	42.54	1.03	251.05	22.55	62626.00	109.41	APR
465280.6404	1102074.3	0.026	658.74	4.23	12.45	0.49	6.79	48.61	0.97	500.94	25.32	47170.00	73.41	APR
388859.3631	1205470.516	0.003	48.73	1.07	15.35	0.03	6.50	40.94	0.94	450.07	26.30	76295.00	69.30	APR
531101.7709	1057832.404	0.118	2688.57	0.36	11.34	3.62	7.23	52.85	1.12	118.92	11.68	43932.00	109.08	APR
560432.4744	1021001.884	0.051	541.44	3.16	12.61	1.35	6.81	41.37	0.96	565.05	25.85	38897.00	219.44	APR
456173.1076	1126047.47	0.061	1749.47	3.96	9.91	1.11	7.29	50.64	1.19	389.48	17.24	53907.00	34.50	APR
505483.0883	1094685.022	0.080	1604.23	4.24	10.81	1.84	7.20	46.75	1.07	440.50	19.77	64257.00	211.75	MAY
457973.3436	1103925.343	0.019	658.44	1.01	14.83	0.46	6.74	45.67	0.91	286.04	24.04	41593.00	277.56	MAY
457988.3964	1116828.597	0.047	1059.44	3.13	12.35	1.12	7.03	46.70	1.01	181.12	22.30	48918.00	268.03	MAY
545567.7398	1190568.004	0.002	1.36	1.99	20.73	0.04	6.48	21.66	0.96	606.31	26.77	4472.00	346.50	MAY
489018.6939	1043075.398	0.010	41.87	3.45	14.47	0.16	6.52	35.58	0.95	390.44	27.85	10296.00	416.25	MAY
381383.6709	1152029.561	0.041	108.98	4.95	13.09	1.04	6.50	44.51	0.95	546.66	28.14	68029.00	175.50	MAY
617455.0761	934487.5977	0.004	25.66	2.46	15.57	0.04	6.49	33.11	0.92	567.34	27.75	25807.00	347.55	MAY
549425.7955	1035732.561	0.232	1573.74	3.86	11.33	8.83	6.94	48.08	1.03	346.94	18.73	42638.00	472.89	MAY
483531.2057	1050450.269	0.054	69.71	3.10	11.78	1.14	6.62	39.06	0.95	659.94	27.88	15232.00	395.39	MAY
452543.1489	1142642.379	0.059	579.65	5.33	12.45	1.61	6.63	41.11	1.03	529.91	23.39	65765.00	302.80	MAY
362954.2147	1106003.872	0.101	173.93	4.79	9.34	1.79	6.45	36.90	1.07	375.77	27.96	25495.00	213.80	MAY
500000	1103900.97	0.060	1450.11	4.77	11.54	1.39	7.08	47.14	1.05	239.15	20.59	70838.00	251.02	MAY
611905.1541	951063.5427	0.000	21.00	3.14	16.15	0.00	6.49	31.28	0.89	470.64	27.86	37947.00	399.98	MAY
551142.0996	1118683.826	0.023	91.43	1.55	11.32	0.36	6.52	41.76	0.97	110.45	26.32	35511.00	289.16	MAY
503656.127	1087311.737	0.041	1398.80	0.33	14.02	0.89	6.99	43.79	0.95	741.29	19.88	57385.00	213.62	MAY
470767.1511	1107599.36	0.024	862.99	2.60	11.95	0.42	6.89	48.93	0.98	422.81	23.11	55036.00	273.09	MAY
326635.8516	1154103.987	0.002	19.87	0.83	15.75	0.03	6.48	31.23	0.89	717.87	28.21	26833.00	232.77	MAY
611561.8128	1072732.314	0.000	56.00	6.28	16.95	0.00	6.51	39.89	0.86	483.02	27.17	17493.00	201.92	MAY
554986.6794	985972.0955	0.000	15.40	4.82	14.89	0.00	6.50	34.56	0.91	318.40	27.86	19000.00	366.23	MAY
467065.4953	1054147.444	0.000	27.92	2.97	15.13	0.00	6.50	34.53	0.95	424.44	27.82	12530.00	334.86	MAY
589877.5946	956540.8174	0.162	84.59	3.80	10.84	4.82	6.60	34.11	0.91	372.68	27.77	35468.00	504.81	MAY
330573.4391	1211249.595	0.017	313.92	4.75	13.12	0.27	6.62	44.08	1.06	837.83	24.63	17720.00	206.59	MAY
430497.7417	1068943.548	0.080	102.61	4.75	11.52	2.06	6.46	29.64	0.97	576.01	28.30	8544.00	260.36	MAY
516445.1151	1103904.702	0.262	3085.33	3.77	7.90	6.01	6.95	54.50	1.31	499.31	8.75	70093.00	202.16	MAY
478074.2779	1105750.893	0.028	936.38	3.73	12.59	0.54	6.93	45.43	0.96	22.56	23.34	60745.00	262.99	MAY
461633.7513	1109451.224	0.044	770.80	3.84	13.46	1.43	6.88	47.26	0.96	655.11	23.71	48021.00	288.08	MAY
567584.6406	1116867.735	0.008	19.40	1.23	14.20	0.11	6.48	38.32	0.92	590.29	25.93	25807.00	269.58	MAY
458023.4529	1146322.092	0.106	499.75	2.73	11.06	2.95	6.46	39.93	1.04	454.81	24.80	72201.00	309.50	MAY
516455.0546	1081785.443	0.088	1088.26	2.20	14.43	4.25	6.88	49.39	0.82	415.20	20.75	57245.00	236.12	MAY
386699.9804	1102234.538	0.000	0.00	1.65	17.75	0.00	6.48	22.61	0.88	768.30	28.02	24166.00	216.11	MAY
332201.8504	1172516.583	0.006	82.74	5.46	15.21	0.10	6.51	42.93	0.97	323.75	28.76	21587.00	184.69	MAY
604151.4948	1105894.194	0.018	56.45	4.60	10.82	0.28	6.47	18.06	1.10	224.98	20.04	2828.00	278.65	MAY
490848.0357	1039388.483	0.000	16.15	2.47	14.05	0.00	6.50	31.60	0.91	530.53	27.85	8544.00	411.24	MAY
443343.5606	1096571.872	0.013	252.63	4.90	10.73	0.12	6.59	47.14	0.98	400.66	26.40	25060.00	312.96	MAY
525562.8992	1129716.256	0.023	229.74	0.36	12.87	0.44	6.54	42.78	1.02	495.62	24.65	47854.00	364.16	MAY
448884.4883	1137117.411	0.066	701.70	5.18	12.95	2.18	6.63	44.19	0.99	535.01	21.08	59059.00	245.80	MAY
461685.8481	1157378.035	0.010	103.24	6.16	13.86	0.16	6.51	39.03	0.93	667.93	26.27	83726.00	218.86	MAY
408734.6134	1142729.245	0.065	1454.88	4.14	9.85	1.22	7.17	50.20	1.25	349.18	20.00	53000.00	242.67	MAY
562155.1161	1087364.049	0.040	1171.39	2.83	9.77	0.59	6.98	48.60	1.12	428.79	20.21	47170.00	268.70	MAY
341096.2485	1122688.224	0.008	123.21	3.78	16.05	0.15	6.55	37.30	0.91	61.59	26.72	31765.00	268.69	MAY
520103.6723	1096533.418	0.171	1830.46	2.52	10.52	5.38	7.43	52.79	1.10	221.47	17.20	72139.00	176.96	MAY
452501.2122	1111305.437	0.011	1013.20	1.73	14.06	0.16	6.92	45.85	1.03	744.03	22.43	41110.00	250.82	MAY
558647.2275	989663.7056	0.015	49.42	4.66	13.31	0.43	6.50	38.32	0.93	485.25	27.64	23000.00	398.02	MAY
514624.5197	1087314.461	0.035	1309.28	2.28	12.23	0.72	7.09	47.95	0.98	763.08	19.28	62169.00	195.53	MAY
323444.5913	1240793.286	0.010	48.10	2.72	17.73	0.19	6.51	39.77	0.90	29753.14	26.37	18385.00	151.49	MAY
472553.2849	1052299.837	0.000	13.60	2.37	17.04	0.00	6.49	33.52	0.90	787.08	27.87	13342.00	338.28	MAY
498175.5272	1157356.824	0.036	56.00	1.08	10.70	0.49	6.48	40.07	0.94	451.60	27.05	62426.00	308.46	MAY
408630.6556	1102172.702	0.000	1.58	2.88	14.34	0.00	6.49	17.61	0.90	772.57	28.46	16031.00	207.36	MAY
465268.3692	1089171.235	0.124	984.19	5.36	9.46	2.61	6.62	45.88	1.12	577.36	20.93	42942.00	352.21	MAY
335985.2137	1200158.114	0.044	379.01	4.08	11.01	0.80	6.70	46.29	1.10	495.35	26.15	25495.00	187.61	MAY
483528.0309	1043077.361	0.013	39.25	3.81	11.27	0.15	6.49	28.46	0.96	701.28	27.88	8062.00	383.47	MAY
505481.9784	1102058.109	0.165	2050.98	4.56	9.69	4.31	7.27	50.18	1.17	649.77	20.10	70774.00	275.12	MAY
521966.8474	1035707.211	0.215	1136.92	2.33	7.91	4.54	7.09	46.97	1.17	138.17	23.47	22627.00	380.28	MAY
476242.3007	1098378.898	0.039	848.19	6.02	14.48	1.05	6.76	43.11	0.93	483.64	23.27	56754.00	246.06	MAY
490862.4409	1098372.295	0.015	1154.24	4.86	12.34	0.21	6.97	44.68	0.98	533.17	21.70	62968.00	224.18	MAY
481717.5132	1083629.565	0.123	1032.62	4.05	11.52	4.21	6.86	47.27	0.95	444.75	20.99	45880.00	305.35	MAY
483555.7222	1105747.986	0.027	1076.65	4.40	12.93	0.54	6.96	44.57	0.99	485.81	22.26	65460.00	280.97	MAY
479921.1923	1140772.626	0.049	453.24	1.29	10.97	0.90	6.64	44.89	1.02	193.84	24.18	81345.00	303.45	MAY
423258.3138	1105825.655	0.082	160.71	3.31	10.86	1.89	6.71	40.27	1.00	260.40	27.00	19925.00	211.43	MAY
611835.7466	976871.4804	0.053	940.41	5.95	9.18	0.79	6.78	47.72	1.09	362.06	22.29	62241.00	467.47	MAY
512792.5868	1098373.396	0.152	2496.25	3.86	9.46	3.69	7.67	53.14	1.21	587.30	14.12	71113.00	173.65	MAY
326544.2777	1135664.179	0.006	49.02	3.21	14.87	0.08	6.49	30.94	0.91	515.11	28.48	29411.00	214.68	MAY
479897.3443	1098376.697	0.062	892.97	4.85	13.62	2.23	6.85	43.04	0.90	501.73	22.97	58592.00	224.61	MAY
374056.6271	1144680.605	0.003	15.09	6.23	17.10	0.04	6.47	38.05	0.88	76.04	28.26	65192.00	201.57	MAY
394175.8594	1157518.96	0.045	575.39	4.21	10.88	0.85	6.77	47.71	1.06	298.82	24.39	69635.00	198.67	MAY
503655.0226	1098371.332	0.126	1756.99	4.45	9.67	2.88	7.22	47.94	1.13	697.36	18.15	67624.00	305.11	MAY
500000	1096527.879	0.043	1378.72	4.37	11.05	0.74	7.09	45.67	1.01	276.46	20.91	64257.00	290.60	MAY
540211.5959	1092863.429	0.166	847.02	4.50	8.74	3.70	6.82	42.54	1.03	251.05	23.30	62626.00	183.74	MAY
465280.6404	1102074.3	0.026	658.74	4.23	12.45	0.49	6.79	48.61	0.97	500.94	24.42	47170.00	276.06	MAY
388859.3631	1205470.516	0.003	48.73	1.07	15.35	0.03	6.50	40.94	0.94	450.07	26.53	76295.00	187.92	MAY
531101.7709	1057832.404	0.118	2688.57	0.36	11.34	3.62	7.23	52.85	1.12	118.92	11.50	43932.00	338.91	MAY
560432.4744	1021001.884	0.051	541.44	3.16	12.61	1.35	6.81	41.37	0.96	565.05	25.65	38897.00	387.17	MAY
456173.1076	1126047.47	0.061	1749.47	3.96	9.91	1.11	7.29	50.64	1.19	389.48	17.70	53907.00	239.84	MAY
505483.0883	1094685.022	0.080	1604.23	4.24	10.81	1.84	7.20	46.75	1.07	440.50	19.33	64257.00	271.92	JUN
457973.3436	1103925.343	0.019	658.44	1.01	14.83	0.46	6.74	45.67	0.91	286.04	23.40	41593.00	261.15	JUN
457988.3964	1116828.597	0.047	1059.44	3.13	12.35	1.12	7.03	46.70	1.01	181.12	21.75	48918.00	322.92	JUN
545567.7398	1190568.004	0.002	1.36	1.99	20.73	0.04	6.48	21.66	0.96	606.31	26.66	4472.00	418.54	JUN
489018.6939	1043075.398	0.010	41.87	3.45	14.47	0.16	6.52	35.58	0.95	390.44	27.43	10296.00	419.19	JUN
381383.6709	1152029.561	0.041	108.98	4.95	13.09	1.04	6.50	44.51	0.95	546.66	26.53	68029.00	254.69	JUN
617455.0761	934487.5977	0.004	25.66	2.46	15.57	0.04	6.49	33.11	0.92	567.34	27.33	25807.00	318.92	JUN
549425.7955	1035732.561	0.232	1573.74	3.86	11.33	8.83	6.94	48.08	1.03	346.94	18.50	42638.00	391.53	JUN
483531.2057	1050450.269	0.054	69.71	3.10	11.78	1.14	6.62	39.06	0.95	659.94	27.46	15232.00	433.57	JUN
452543.1489	1142642.379	0.059	579.65	5.33	12.45	1.61	6.63	41.11	1.03	529.91	23.28	65765.00	437.01	JUN
362954.2147	1106003.872	0.101	173.93	4.79	9.34	1.79	6.45	36.90	1.07	375.77	26.66	25495.00	290.60	JUN
500000	1103900.97	0.060	1450.11	4.77	11.54	1.39	7.08	47.14	1.05	239.15	20.12	70838.00	305.55	JUN
611905.1541	951063.5427	0.000	21.00	3.14	16.15	0.00	6.49	31.28	0.89	470.64	27.44	37947.00	422.06	JUN
551142.0996	1118683.826	0.023	91.43	1.55	11.32	0.36	6.52	41.76	0.97	110.45	26.07	35511.00	349.42	JUN
503656.127	1087311.737	0.041	1398.80	0.33	14.02	0.89	6.99	43.79	0.95	741.29	19.41	57385.00	256.43	JUN
470767.1511	1107599.36	0.024	862.99	2.60	11.95	0.42	6.89	48.93	0.98	422.81	22.34	55036.00	288.27	JUN
326635.8516	1154103.987	0.002	19.87	0.83	15.75	0.03	6.48	31.23	0.89	717.87	27.13	26833.00	310.78	JUN
611561.8128	1072732.314	0.000	56.00	6.28	16.95	0.00	6.51	39.89	0.86	483.02	26.88	17493.00	205.01	JUN
554986.6794	985972.0955	0.000	15.40	4.82	14.89	0.00	6.50	34.56	0.91	318.40	27.44	19000.00	371.61	JUN
467065.4953	1054147.444	0.000	27.92	2.97	15.13	0.00	6.50	34.53	0.95	424.44	27.40	12530.00	329.39	JUN
589877.5946	956540.8174	0.162	84.59	3.80	10.84	4.82	6.60	34.11	0.91	372.68	27.42	35468.00	460.93	JUN
330573.4391	1211249.595	0.017	313.92	4.75	13.12	0.27	6.62	44.08	1.06	837.83	24.85	17720.00	320.23	JUN
430497.7417	1068943.548	0.080	102.61	4.75	11.52	2.06	6.46	29.64	0.97	576.01	27.20	8544.00	342.04	JUN
516445.1151	1103904.702	0.262	3085.33	3.77	7.90	6.01	6.95	54.50	1.31	499.31	8.01	70093.00	212.85	JUN
478074.2779	1105750.893	0.028	936.38	3.73	12.59	0.54	6.93	45.43	0.96	22.56	22.78	60745.00	275.41	JUN
461633.7513	1109451.224	0.044	770.80	3.84	13.46	1.43	6.88	47.26	0.96	655.11	23.10	48021.00	303.68	JUN
567584.6406	1116867.735	0.008	19.40	1.23	14.20	0.11	6.48	38.32	0.92	590.29	25.57	25807.00	305.30	JUN
458023.4529	1146322.092	0.106	499.75	2.73	11.06	2.95	6.46	39.93	1.04	454.81	24.69	72201.00	413.50	JUN
516455.0546	1081785.443	0.088	1088.26	2.20	14.43	4.25	6.88	49.39	0.82	415.20	20.49	57245.00	314.18	JUN
386699.9804	1102234.538	0.000	0.00	1.65	17.75	0.00	6.48	22.61	0.88	768.30	26.94	24166.00	267.94	JUN
332201.8504	1172516.583	0.006	82.74	5.46	15.21	0.10	6.51	42.93	0.97	323.75	26.13	21587.00	263.03	JUN
604151.4948	1105894.194	0.018	56.45	4.60	10.82	0.28	6.47	18.06	1.10	224.98	26.44	2828.00	278.87	JUN
490848.0357	1039388.483	0.000	16.15	2.47	14.05	0.00	6.50	31.60	0.91	530.53	27.43	8544.00	410.26	JUN
443343.5606	1096571.872	0.013	252.63	4.90	10.73	0.12	6.59	47.14	0.98	400.66	25.64	25060.00	332.93	JUN
525562.8992	1129716.256	0.023	229.74	0.36	12.87	0.44	6.54	42.78	1.02	495.62	24.52	47854.00	410.61	JUN
448884.4883	1137117.411	0.066	701.70	5.18	12.95	2.18	6.63	44.19	0.99	535.01	20.97	59059.00	369.95	JUN
461685.8481	1157378.035	0.010	103.24	6.16	13.86	0.16	6.51	39.03	0.93	667.93	26.16	83726.00	371.68	JUN
408734.6134	1142729.245	0.065	1454.88	4.14	9.85	1.22	7.17	50.20	1.25	349.18	19.68	53000.00	361.91	JUN
562155.1161	1087364.049	0.040	1171.39	2.83	9.77	0.59	6.98	48.60	1.12	428.79	19.96	47170.00	313.92	JUN
341096.2485	1122688.224	0.008	123.21	3.78	16.05	0.15	6.55	37.30	0.91	61.59	26.97	31765.00	327.95	JUN
520103.6723	1096533.418	0.171	1830.46	2.52	10.52	5.38	7.43	52.79	1.10	221.47	17.50	72139.00	220.12	JUN
452501.2122	1111305.437	0.011	1013.20	1.73	14.06	0.16	6.92	45.85	1.03	744.03	21.86	41110.00	259.77	JUN
558647.2275	989663.7056	0.015	49.42	4.66	13.31	0.43	6.50	38.32	0.93	485.25	27.25	23000.00	385.13	JUN
514624.5197	1087314.461	0.035	1309.28	2.28	12.23	0.72	7.09	47.95	0.98	763.08	19.00	62169.00	225.25	JUN
323444.5913	1240793.286	0.010	48.10	2.72	17.73	0.19	6.51	39.77	0.90	29753.14	26.27	18385.00	310.90	JUN
472553.2849	1052299.837	0.000	13.60	2.37	17.04	0.00	6.49	33.52	0.90	787.08	27.45	13342.00	325.36	JUN
498175.5272	1157356.824	0.036	56.00	1.08	10.70	0.49	6.48	40.07	0.94	451.60	27.25	62426.00	412.90	JUN
408630.6556	1102172.702	0.000	1.58	2.88	14.34	0.00	6.49	17.61	0.90	772.57	27.79	16031.00	246.40	JUN
465268.3692	1089171.235	0.124	984.19	5.36	9.46	2.61	6.62	45.88	1.12	577.36	20.67	42942.00	315.87	JUN
335985.2137	1200158.114	0.044	379.01	4.08	11.01	0.80	6.70	46.29	1.10	495.35	25.53	25495.00	299.72	JUN
483528.0309	1043077.361	0.013	39.25	3.81	11.27	0.15	6.49	28.46	0.96	701.28	27.46	8062.00	416.97	JUN
505481.9784	1102058.109	0.165	2050.98	4.56	9.69	4.31	7.27	50.18	1.17	649.77	19.65	70774.00	342.09	JUN
521966.8474	1035707.211	0.215	1136.92	2.33	7.91	4.54	7.09	46.97	1.17	138.17	23.16	22627.00	364.44	JUN
476242.3007	1098378.898	0.039	848.19	6.02	14.48	1.05	6.76	43.11	0.93	483.64	22.66	56754.00	253.74	JUN
490862.4409	1098372.295	0.015	1154.24	4.86	12.34	0.21	6.97	44.68	0.98	533.17	21.27	62968.00	291.11	JUN
481717.5132	1083629.565	0.123	1032.62	4.05	11.52	4.21	6.86	47.27	0.95	444.75	20.75	45880.00	301.91	JUN
483555.7222	1105747.986	0.027	1076.65	4.40	12.93	0.54	6.96	44.57	0.99	485.81	21.71	65460.00	294.46	JUN
479921.1923	1140772.626	0.049	453.24	1.29	10.97	0.90	6.64	44.89	1.02	193.84	24.06	81345.00	374.06	JUN
423258.3138	1105825.655	0.082	160.71	3.31	10.86	1.89	6.71	40.27	1.00	260.40	25.97	19925.00	292.83	JUN
611835.7466	976871.4804	0.053	940.41	5.95	9.18	0.79	6.78	47.72	1.09	362.06	22.01	62241.00	401.32	JUN
512792.5868	1098373.396	0.152	2496.25	3.86	9.46	3.69	7.67	53.14	1.21	587.30	13.87	71113.00	194.83	JUN
326544.2777	1135664.179	0.006	49.02	3.21	14.87	0.08	6.49	30.94	0.91	515.11	27.65	29411.00	280.50	JUN
479897.3443	1098376.697	0.062	892.97	4.85	13.62	2.23	6.85	43.04	0.90	501.73	22.38	58592.00	264.86	JUN
374056.6271	1144680.605	0.003	15.09	6.23	17.10	0.04	6.47	38.05	0.88	76.04	26.99	65192.00	282.18	JUN
394175.8594	1157518.96	0.045	575.39	4.21	10.88	0.85	6.77	47.71	1.06	298.82	23.66	69635.00	284.18	JUN
503655.0226	1098371.332	0.126	1756.99	4.45	9.67	2.88	7.22	47.94	1.13	697.36	17.78	67624.00	352.18	JUN
500000	1096527.879	0.043	1378.72	4.37	11.05	0.74	7.09	45.67	1.01	276.46	20.41	64257.00	350.85	JUN
540211.5959	1092863.429	0.166	847.02	4.50	8.74	3.70	6.82	42.54	1.03	251.05	23.02	62626.00	240.59	JUN
465280.6404	1102074.3	0.026	658.74	4.23	12.45	0.49	6.79	48.61	0.97	500.94	23.88	47170.00	265.62	JUN
388859.3631	1205470.516	0.003	48.73	1.07	15.35	0.03	6.50	40.94	0.94	450.07	26.42	76295.00	295.54	JUN
531101.7709	1057832.404	0.118	2688.57	0.36	11.34	3.62	7.23	52.85	1.12	118.92	11.38	43932.00	334.67	JUN
560432.4744	1021001.884	0.051	541.44	3.16	12.61	1.35	6.81	41.37	0.96	565.05	25.38	38897.00	383.30	JUN
456173.1076	1126047.47	0.061	1749.47	3.96	9.91	1.11	7.29	50.64	1.19	389.48	17.58	53907.00	260.42	JUN
505483.0883	1094685.022	0.080	1604.23	4.24	10.81	1.84	7.20	46.75	1.07	440.50	19.17	64257.00	154.04	JUL
457973.3436	1103925.343	0.019	658.44	1.01	14.83	0.46	6.74	45.67	0.91	286.04	23.60	41593.00	202.78	JUL
457988.3964	1116828.597	0.047	1059.44	3.13	12.35	1.12	7.03	46.70	1.01	181.12	21.79	48918.00	270.13	JUL
545567.7398	1190568.004	0.002	1.36	1.99	20.73	0.04	6.48	21.66	0.96	606.31	26.40	4472.00	631.20	JUL
489018.6939	1043075.398	0.010	41.87	3.45	14.47	0.16	6.52	35.58	0.95	390.44	27.35	10296.00	416.52	JUL
381383.6709	1152029.561	0.041	108.98	4.95	13.09	1.04	6.50	44.51	0.95	546.66	27.18	68029.00	141.51	JUL
617455.0761	934487.5977	0.004	25.66	2.46	15.57	0.04	6.49	33.11	0.92	567.34	27.25	25807.00	359.16	JUL
549425.7955	1035732.561	0.232	1573.74	3.86	11.33	8.83	6.94	48.08	1.03	346.94	18.37	42638.00	308.88	JUL
483531.2057	1050450.269	0.054	69.71	3.10	11.78	1.14	6.62	39.06	0.95	659.94	27.38	15232.00	425.19	JUL
452543.1489	1142642.379	0.059	579.65	5.33	12.45	1.61	6.63	41.11	1.03	529.91	23.01	65765.00	512.59	JUL
362954.2147	1106003.872	0.101	173.93	4.79	9.34	1.79	6.45	36.90	1.07	375.77	26.76	25495.00	241.61	JUL
500000	1103900.97	0.060	1450.11	4.77	11.54	1.39	7.08	47.14	1.05	239.15	20.02	70838.00	237.18	JUL
611905.1541	951063.5427	0.000	21.00	3.14	16.15	0.00	6.49	31.28	0.89	470.64	27.36	37947.00	440.55	JUL
551142.0996	1118683.826	0.023	91.43	1.55	11.32	0.36	6.52	41.76	0.97	110.45	25.72	35511.00	591.18	JUL
503656.127	1087311.737	0.041	1398.80	0.33	14.02	0.89	6.99	43.79	0.95	741.29	19.48	57385.00	193.40	JUL
470767.1511	1107599.36	0.024	862.99	2.60	11.95	0.42	6.89	48.93	0.98	422.81	22.88	55036.00	210.48	JUL
326635.8516	1154103.987	0.002	19.87	0.83	15.75	0.03	6.48	31.23	0.89	717.87	27.25	26833.00	166.57	JUL
611561.8128	1072732.314	0.000	56.00	6.28	16.95	0.00	6.51	39.89	0.86	483.02	26.25	17493.00	276.18	JUL
554986.6794	985972.0955	0.000	15.40	4.82	14.89	0.00	6.50	34.56	0.91	318.40	27.36	19000.00	349.46	JUL
467065.4953	1054147.444	0.000	27.92	2.97	15.13	0.00	6.50	34.53	0.95	424.44	27.32	12530.00	354.68	JUL
589877.5946	956540.8174	0.162	84.59	3.80	10.84	4.82	6.60	34.11	0.91	372.68	27.22	35468.00	453.92	JUL
330573.4391	1211249.595	0.017	313.92	4.75	13.12	0.27	6.62	44.08	1.06	837.83	24.59	17720.00	220.20	JUL
430497.7417	1068943.548	0.080	102.61	4.75	11.52	2.06	6.46	29.64	0.97	576.01	27.33	8544.00	292.40	JUL
516445.1151	1103904.702	0.262	3085.33	3.77	7.90	6.01	6.95	54.50	1.31	499.31	7.36	70093.00	176.89	JUL
478074.2779	1105750.893	0.028	936.38	3.73	12.59	0.54	6.93	45.43	0.96	22.56	22.99	60745.00	189.13	JUL
461633.7513	1109451.224	0.044	770.80	3.84	13.46	1.43	6.88	47.26	0.96	655.11	23.26	48021.00	236.93	JUL
567584.6406	1116867.735	0.008	19.40	1.23	14.20	0.11	6.48	38.32	0.92	590.29	25.33	25807.00	386.00	JUL
458023.4529	1146322.092	0.106	499.75	2.73	11.06	2.95	6.46	39.93	1.04	454.81	24.43	72201.00	459.92	JUL
516455.0546	1081785.443	0.088	1088.26	2.20	14.43	4.25	6.88	49.39	0.82	415.20	20.15	57245.00	273.63	JUL
386699.9804	1102234.538	0.000	0.00	1.65	17.75	0.00	6.48	22.61	0.88	768.30	27.06	24166.00	226.29	JUL
332201.8504	1172516.583	0.006	82.74	5.46	15.21	0.10	6.51	42.93	0.97	323.75	27.62	21587.00	159.06	JUL
604151.4948	1105894.194	0.018	56.45	4.60	10.82	0.28	6.47	18.06	1.10	224.98	26.05	2828.00	401.49	JUL
490848.0357	1039388.483	0.000	16.15	2.47	14.05	0.00	6.50	31.60	0.91	530.53	27.35	8544.00	432.51	JUL
443343.5606	1096571.872	0.013	252.63	4.90	10.73	0.12	6.59	47.14	0.98	400.66	26.05	25060.00	284.08	JUL
525562.8992	1129716.256	0.023	229.74	0.36	12.87	0.44	6.54	42.78	1.02	495.62	24.09	47854.00	454.43	JUL
448884.4883	1137117.411	0.066	701.70	5.18	12.95	2.18	6.63	44.19	0.99	535.01	20.70	59059.00	342.03	JUL
461685.8481	1157378.035	0.010	103.24	6.16	13.86	0.16	6.51	39.03	0.93	667.93	26.57	83726.00	411.87	JUL
408734.6134	1142729.245	0.065	1454.88	4.14	9.85	1.22	7.17	50.20	1.25	349.18	19.45	53000.00	289.12	JUL
562155.1161	1087364.049	0.040	1171.39	2.83	9.77	0.59	6.98	48.60	1.12	428.79	19.61	47170.00	283.05	JUL
341096.2485	1122688.224	0.008	123.21	3.78	16.05	0.15	6.55	37.30	0.91	61.59	27.35	31765.00	238.83	JUL
520103.6723	1096533.418	0.171	1830.46	2.52	10.52	5.38	7.43	52.79	1.10	221.47	17.42	72139.00	229.20	JUL
452501.2122	1111305.437	0.011	1013.20	1.73	14.06	0.16	6.92	45.85	1.03	744.03	21.92	41110.00	217.01	JUL
558647.2275	989663.7056	0.015	49.42	4.66	13.31	0.43	6.50	38.32	0.93	485.25	27.40	23000.00	356.09	JUL
514624.5197	1087314.461	0.035	1309.28	2.28	12.23	0.72	7.09	47.95	0.98	763.08	18.65	62169.00	196.50	JUL
323444.5913	1240793.286	0.010	48.10	2.72	17.73	0.19	6.51	39.77	0.90	29753.14	26.00	18385.00	243.15	JUL
472553.2849	1052299.837	0.000	13.60	2.37	17.04	0.00	6.49	33.52	0.90	787.08	29.70	13342.00	323.26	JUL
498175.5272	1157356.824	0.036	56.00	1.08	10.70	0.49	6.48	40.07	0.94	451.60	26.80	62426.00	431.49	JUL
408630.6556	1102172.702	0.000	1.58	2.88	14.34	0.00	6.49	17.61	0.90	772.57	27.75	16031.00	193.66	JUL
465268.3692	1089171.235	0.124	984.19	5.36	9.46	2.61	6.62	45.88	1.12	577.36	20.90	42942.00	269.77	JUL
335985.2137	1200158.114	0.044	379.01	4.08	11.01	0.80	6.70	46.29	1.10	495.35	25.17	25495.00	195.98	JUL
483528.0309	1043077.361	0.013	39.25	3.81	11.27	0.15	6.49	28.46	0.96	701.28	27.38	8062.00	454.84	JUL
505481.9784	1102058.109	0.165	2050.98	4.56	9.69	4.31	7.27	50.18	1.17	649.77	19.51	70774.00	249.77	JUL
521966.8474	1035707.211	0.215	1136.92	2.33	7.91	4.54	7.09	46.97	1.17	138.17	23.08	22627.00	321.42	JUL
476242.3007	1098378.898	0.039	848.19	6.02	14.48	1.05	6.76	43.11	0.93	483.64	22.79	56754.00	177.90	JUL
490862.4409	1098372.295	0.015	1154.24	4.86	12.34	0.21	6.97	44.68	0.98	533.17	21.00	62968.00	210.99	JUL
481717.5132	1083629.565	0.123	1032.62	4.05	11.52	4.21	6.86	47.27	0.95	444.75	20.66	45880.00	213.16	JUL
483555.7222	1105747.986	0.027	1076.65	4.40	12.93	0.54	6.96	44.57	0.99	485.81	22.08	65460.00	213.54	JUL
479921.1923	1140772.626	0.049	453.24	1.29	10.97	0.90	6.64	44.89	1.02	193.84	23.80	81345.00	446.88	JUL
423258.3138	1105825.655	0.082	160.71	3.31	10.86	1.89	6.71	40.27	1.00	260.40	25.88	19925.00	264.26	JUL
611835.7466	976871.4804	0.053	940.41	5.95	9.18	0.79	6.78	47.72	1.09	362.06	21.92	62241.00	339.09	JUL
512792.5868	1098373.396	0.152	2496.25	3.86	9.46	3.69	7.67	53.14	1.21	587.30	13.65	71113.00	147.14	JUL
326544.2777	1135664.179	0.006	49.02	3.21	14.87	0.08	6.49	30.94	0.91	515.11	27.84	29411.00	192.52	JUL
479897.3443	1098376.697	0.062	892.97	4.85	13.62	2.23	6.85	43.04	0.90	501.73	22.49	58592.00	180.24	JUL
374056.6271	1144680.605	0.003	15.09	6.23	17.10	0.04	6.47	38.05	0.88	76.04	27.24	65192.00	155.43	JUL
394175.8594	1157518.96	0.045	575.39	4.21	10.88	0.85	6.77	47.71	1.06	298.82	23.61	69635.00	205.62	JUL
503655.0226	1098371.332	0.126	1756.99	4.45	9.67	2.88	7.22	47.94	1.13	697.36	17.48	67624.00	226.65	JUL
500000	1096527.879	0.043	1378.72	4.37	11.05	0.74	7.09	45.67	1.01	276.46	20.34	64257.00	239.48	JUL
540211.5959	1092863.429	0.166	847.02	4.50	8.74	3.70	6.82	42.54	1.03	251.05	22.76	62626.00	239.98	JUL
465280.6404	1102074.3	0.026	658.74	4.23	12.45	0.49	6.79	48.61	0.97	500.94	23.82	47170.00	212.56	JUL
388859.3631	1205470.516	0.003	48.73	1.07	15.35	0.03	6.50	40.94	0.94	450.07	26.16	76295.00	310.37	JUL
531101.7709	1057832.404	0.118	2688.57	0.36	11.34	3.62	7.23	52.85	1.12	118.92	11.25	43932.00	245.69	JUL
560432.4744	1021001.884	0.051	541.44	3.16	12.61	1.35	6.81	41.37	0.96	565.05	25.18	38897.00	338.99	JUL
456173.1076	1126047.47	0.061	1749.47	3.96	9.91	1.11	7.29	50.64	1.19	389.48	17.32	53907.00	218.22	JUL
505483.0883	1094685.022	0.080	1604.23	4.24	10.81	1.84	7.20	46.75	1.07	440.50	19.38	64257.00	222.31	AUG
457973.3436	1103925.343	0.019	658.44	1.01	14.83	0.46	6.74	45.67	0.91	286.04	23.29	41593.00	277.17	AUG
457988.3964	1116828.597	0.047	1059.44	3.13	12.35	1.12	7.03	46.70	1.01	181.12	21.64	48918.00	389.62	AUG
545567.7398	1190568.004	0.002	1.36	1.99	20.73	0.04	6.48	21.66	0.96	606.31	26.34	4472.00	444.63	AUG
489018.6939	1043075.398	0.010	41.87	3.45	14.47	0.16	6.52	35.58	0.95	390.44	27.12	10296.00	511.46	AUG
381383.6709	1152029.561	0.041	108.98	4.95	13.09	1.04	6.50	44.51	0.95	546.66	27.32	68029.00	180.04	AUG
617455.0761	934487.5977	0.004	25.66	2.46	15.57	0.04	6.49	33.11	0.92	567.34	27.03	25807.00	439.12	AUG
549425.7955	1035732.561	0.232	1573.74	3.86	11.33	8.83	6.94	48.08	1.03	346.94	18.27	42638.00	416.07	AUG
483531.2057	1050450.269	0.054	69.71	3.10	11.78	1.14	6.62	39.06	0.95	659.94	27.15	15232.00	518.89	AUG
452543.1489	1142642.379	0.059	579.65	5.33	12.45	1.61	6.63	41.11	1.03	529.91	22.95	65765.00	503.94	AUG
362954.2147	1106003.872	0.101	173.93	4.79	9.34	1.79	6.45	36.90	1.07	375.77	26.68	25495.00	275.80	AUG
500000	1103900.97	0.060	1450.11	4.77	11.54	1.39	7.08	47.14	1.05	239.15	20.02	70838.00	295.74	AUG
611905.1541	951063.5427	0.000	21.00	3.14	16.15	0.00	6.49	31.28	0.89	470.64	27.13	37947.00	504.75	AUG
551142.0996	1118683.826	0.023	91.43	1.55	11.32	0.36	6.52	41.76	0.97	110.45	25.60	35511.00	685.31	AUG
503656.127	1087311.737	0.041	1398.80	0.33	14.02	0.89	6.99	43.79	0.95	741.29	19.38	57385.00	239.80	AUG
470767.1511	1107599.36	0.024	862.99	2.60	11.95	0.42	6.89	48.93	0.98	422.81	22.75	55036.00	276.28	AUG
326635.8516	1154103.987	0.002	19.87	0.83	15.75	0.03	6.48	31.23	0.89	717.87	27.16	26833.00	222.40	AUG
611561.8128	1072732.314	0.000	56.00	6.28	16.95	0.00	6.51	39.89	0.86	483.02	26.18	17493.00	243.68	AUG
554986.6794	985972.0955	0.000	15.40	4.82	14.89	0.00	6.50	34.56	0.91	318.40	27.13	19000.00	412.28	AUG
467065.4953	1054147.444	0.000	27.92	2.97	15.13	0.00	6.50	34.53	0.95	424.44	27.09	12530.00	442.02	AUG
589877.5946	956540.8174	0.162	84.59	3.80	10.84	4.82	6.60	34.11	0.91	372.68	26.17	35468.00	558.74	AUG
330573.4391	1211249.595	0.017	313.92	4.75	13.12	0.27	6.62	44.08	1.06	837.83	24.52	17720.00	254.40	AUG
430497.7417	1068943.548	0.080	102.61	4.75	11.52	2.06	6.46	29.64	0.97	576.01	27.24	8544.00	403.82	AUG
516445.1151	1103904.702	0.262	3085.33	3.77	7.90	6.01	6.95	54.50	1.31	499.31	7.68	70093.00	208.24	AUG
478074.2779	1105750.893	0.028	936.38	3.73	12.59	0.54	6.93	45.43	0.96	22.56	22.59	60745.00	269.10	AUG
461633.7513	1109451.224	0.044	770.80	3.84	13.46	1.43	6.88	47.26	0.96	655.11	22.99	48021.00	320.59	AUG
567584.6406	1116867.735	0.008	19.40	1.23	14.20	0.11	6.48	38.32	0.92	590.29	25.38	25807.00	326.28	AUG
458023.4529	1146322.092	0.106	499.75	2.73	11.06	2.95	6.46	39.93	1.04	454.81	24.36	72201.00	438.10	AUG
516455.0546	1081785.443	0.088	1088.26	2.20	14.43	4.25	6.88	49.39	0.82	415.20	20.16	57245.00	297.39	AUG
386699.9804	1102234.538	0.000	0.00	1.65	17.75	0.00	6.48	22.61	0.88	768.30	26.97	24166.00	278.96	AUG
332201.8504	1172516.583	0.006	82.74	5.46	15.21	0.10	6.51	42.93	0.97	323.75	27.44	21587.00	180.81	AUG
604151.4948	1105894.194	0.018	56.45	4.60	10.82	0.28	6.47	18.06	1.10	224.98	26.18	2828.00	317.27	AUG
490848.0357	1039388.483	0.000	16.15	2.47	14.05	0.00	6.50	31.60	0.91	530.53	27.12	8544.00	519.22	AUG
443343.5606	1096571.872	0.013	252.63	4.90	10.73	0.12	6.59	47.14	0.98	400.66	25.55	25060.00	355.51	AUG
525562.8992	1129716.256	0.023	229.74	0.36	12.87	0.44	6.54	42.78	1.02	495.62	23.94	47854.00	445.56	AUG
448884.4883	1137117.411	0.066	701.70	5.18	12.95	2.18	6.63	44.19	0.99	535.01	20.63	59059.00	370.74	AUG
461685.8481	1157378.035	0.010	103.24	6.16	13.86	0.16	6.51	39.03	0.93	667.93	25.84	83726.00	372.66	AUG
408734.6134	1142729.245	0.065	1454.88	4.14	9.85	1.22	7.17	50.20	1.25	349.18	19.52	53000.00	335.27	AUG
562155.1161	1087364.049	0.040	1171.39	2.83	9.77	0.59	6.98	48.60	1.12	428.79	29.47	47170.00	307.25	AUG
341096.2485	1122688.224	0.008	123.21	3.78	16.05	0.15	6.55	37.30	0.91	61.59	27.07	31765.00	315.87	AUG
520103.6723	1096533.418	0.171	1830.46	2.52	10.52	5.38	7.43	52.79	1.10	221.47	17.28	72139.00	214.45	AUG
452501.2122	1111305.437	0.011	1013.20	1.73	14.06	0.16	6.92	45.85	1.03	744.03	21.76	41110.00	307.68	AUG
558647.2275	989663.7056	0.015	49.42	4.66	13.31	0.43	6.50	38.32	0.93	485.25	27.18	23000.00	440.02	AUG
514624.5197	1087314.461	0.035	1309.28	2.28	12.23	0.72	7.09	47.95	0.98	763.08	18.66	62169.00	239.81	AUG
323444.5913	1240793.286	0.010	48.10	2.72	17.73	0.19	6.51	39.77	0.90	29753.14	25.94	18385.00	247.56	AUG
472553.2849	1052299.837	0.000	13.60	2.37	17.04	0.00	6.49	33.52	0.90	787.08	27.15	13342.00	404.94	AUG
498175.5272	1157356.824	0.036	56.00	1.08	10.70	0.49	6.48	40.07	0.94	451.60	27.05	62426.00	376.36	AUG
408630.6556	1102172.702	0.000	1.58	2.88	14.34	0.00	6.49	17.61	0.90	772.57	27.64	16031.00	255.31	AUG
465268.3692	1089171.235	0.124	984.19	5.36	9.46	2.61	6.62	45.88	1.12	577.36	20.87	42942.00	336.63	AUG
335985.2137	1200158.114	0.044	379.01	4.08	11.01	0.80	6.70	46.29	1.10	495.35	25.47	25495.00	233.43	AUG
483528.0309	1043077.361	0.013	39.25	3.81	11.27	0.15	6.49	28.46	0.96	701.28	27.15	8062.00	496.57	AUG
505481.9784	1102058.109	0.165	2050.98	4.56	9.69	4.31	7.27	50.18	1.17	649.77	19.55	70774.00	307.74	AUG
521966.8474	1035707.211	0.215	1136.92	2.33	7.91	4.54	7.09	46.97	1.17	138.17	22.95	22627.00	404.64	AUG
476242.3007	1098378.898	0.039	848.19	6.02	14.48	1.05	6.76	43.11	0.93	483.64	22.56	56754.00	246.43	AUG
490862.4409	1098372.295	0.015	1154.24	4.86	12.34	0.21	6.97	44.68	0.98	533.17	20.89	62968.00	289.18	AUG
481717.5132	1083629.565	0.123	1032.62	4.05	11.52	4.21	6.86	47.27	0.95	444.75	20.59	45880.00	296.49	AUG
483555.7222	1105747.986	0.027	1076.65	4.40	12.93	0.54	6.96	44.57	0.99	485.81	21.94	65460.00	272.67	AUG
479921.1923	1140772.626	0.049	453.24	1.29	10.97	0.90	6.64	44.89	1.02	193.84	23.73	81345.00	411.64	AUG
423258.3138	1105825.655	0.082	160.71	3.31	10.86	1.89	6.71	40.27	1.00	260.40	25.99	19925.00	288.90	AUG
611835.7466	976871.4804	0.053	940.41	5.95	9.18	0.79	6.78	47.72	1.09	362.06	21.82	62241.00	430.30	AUG
512792.5868	1098373.396	0.152	2496.25	3.86	9.46	3.69	7.67	53.14	1.21	587.30	13.54	71113.00	187.77	AUG
326544.2777	1135664.179	0.006	49.02	3.21	14.87	0.08	6.49	30.94	0.91	515.11	27.24	29411.00	256.27	AUG
479897.3443	1098376.697	0.062	892.97	4.85	13.62	2.23	6.85	43.04	0.90	501.73	22.28	58592.00	239.38	AUG
374056.6271	1144680.605	0.003	15.09	6.23	17.10	0.04	6.47	38.05	0.88	76.04	27.27	65192.00	210.54	AUG
394175.8594	1157518.96	0.045	575.39	4.21	10.88	0.85	6.77	47.71	1.06	298.82	23.73	69635.00	248.30	AUG
503655.0226	1098371.332	0.126	1756.99	4.45	9.67	2.88	7.22	47.94	1.13	697.36	17.69	67624.00	315.64	AUG
500000	1096527.879	0.043	1378.72	4.37	11.05	0.74	7.09	45.67	1.01	276.46	20.32	64257.00	335.92	AUG
540211.5959	1092863.429	0.166	847.02	4.50	8.74	3.70	6.82	42.54	1.03	251.05	22.78	62626.00	235.11	AUG
465280.6404	1102074.3	0.026	658.74	4.23	12.45	0.49	6.79	48.61	0.97	500.94	23.58	47170.00	266.73	AUG
388859.3631	1205470.516	0.003	48.73	1.07	15.35	0.03	6.50	40.94	0.94	450.07	26.10	76295.00	326.96	AUG
531101.7709	1057832.404	0.118	2688.57	0.36	11.34	3.62	7.23	52.85	1.12	118.92	11.02	43932.00	339.86	AUG
560432.4744	1021001.884	0.051	541.44	3.16	12.61	1.35	6.81	41.37	0.96	565.05	25.13	38897.00	433.26	AUG
456173.1076	1126047.47	0.061	1749.47	3.96	9.91	1.11	7.29	50.64	1.19	389.48	17.24	53907.00	289.12	AUG
505483.0883	1094685.022	0.080	1604.23	4.24	10.81	1.84	7.20	46.75	1.07	440.50	13.36	64257.00	345.22	SEP
457973.3436	1103925.343	0.019	658.44	1.01	14.83	0.46	6.74	45.67	0.91	286.04	22.86	41593.00	340.23	SEP
457988.3964	1116828.597	0.047	1059.44	3.13	12.35	1.12	7.03	46.70	1.01	181.12	21.43	48918.00	456.17	SEP
545567.7398	1190568.004	0.002	1.36	1.99	20.73	0.04	6.48	21.66	0.96	606.31	26.38	4472.00	361.77	SEP
489018.6939	1043075.398	0.010	41.87	3.45	14.47	0.16	6.52	35.58	0.95	390.44	27.14	10296.00	530.88	SEP
381383.6709	1152029.561	0.041	108.98	4.95	13.09	1.04	6.50	44.51	0.95	546.66	26.81	68029.00	299.15	SEP
617455.0761	934487.5977	0.004	25.66	2.46	15.57	0.04	6.49	33.11	0.92	567.34	27.04	25807.00	413.58	SEP
549425.7955	1035732.561	0.232	1573.74	3.86	11.33	8.83	6.94	48.08	1.03	346.94	18.12	42638.00	541.94	SEP
483531.2057	1050450.269	0.054	69.71	3.10	11.78	1.14	6.62	39.06	0.95	659.94	27.17	15232.00	526.44	SEP
452543.1489	1142642.379	0.059	579.65	5.33	12.45	1.61	6.63	41.11	1.03	529.91	22.94	65765.00	484.16	SEP
362954.2147	1106003.872	0.101	173.93	4.79	9.34	1.79	6.45	36.90	1.07	375.77	26.25	25495.00	379.80	SEP
500000	1103900.97	0.060	1450.11	4.77	11.54	1.39	7.08	47.14	1.05	239.15	20.03	70838.00	378.41	SEP
611905.1541	951063.5427	0.000	21.00	3.14	16.15	0.00	6.49	31.28	0.89	470.64	27.15	37947.00	502.42	SEP
551142.0996	1118683.826	0.023	91.43	1.55	11.32	0.36	6.52	41.76	0.97	110.45	25.97	35511.00	336.51	SEP
503656.127	1087311.737	0.041	1398.80	0.33	14.02	0.89	6.99	43.79	0.95	741.29	19.37	57385.00	300.14	SEP
470767.1511	1107599.36	0.024	862.99	2.60	11.95	0.42	6.89	48.93	0.98	422.81	22.14	55036.00	338.68	SEP
326635.8516	1154103.987	0.002	19.87	0.83	15.75	0.03	6.48	31.23	0.89	717.87	26.69	26833.00	336.42	SEP
611561.8128	1072732.314	0.000	56.00	6.28	16.95	0.00	6.51	39.89	0.86	483.02	26.37	17493.00	147.38	SEP
554986.6794	985972.0955	0.000	15.40	4.82	14.89	0.00	6.50	34.56	0.91	318.40	27.15	19000.00	450.13	SEP
467065.4953	1054147.444	0.000	27.92	2.97	15.13	0.00	6.50	34.53	0.95	424.44	27.10	12530.00	450.01	SEP
589877.5946	956540.8174	0.162	84.59	3.80	10.84	4.82	6.60	34.11	0.91	372.68	27.63	35468.00	564.07	SEP
330573.4391	1211249.595	0.017	313.92	4.75	13.12	0.27	6.62	44.08	1.06	837.83	24.54	17720.00	364.65	SEP
430497.7417	1068943.548	0.080	102.61	4.75	11.52	2.06	6.46	29.64	0.97	576.01	26.76	8544.00	438.15	SEP
516445.1151	1103904.702	0.262	3085.33	3.77	7.90	6.01	6.95	54.50	1.31	499.31	8.06	70093.00	237.51	SEP
478074.2779	1105750.893	0.028	936.38	3.73	12.59	0.54	6.93	45.43	0.96	22.56	22.25	60745.00	354.88	SEP
461633.7513	1109451.224	0.044	770.80	3.84	13.46	1.43	6.88	47.26	0.96	655.11	22.60	48021.00	404.90	SEP
567584.6406	1116867.735	0.008	19.40	1.23	14.20	0.11	6.48	38.32	0.92	590.29	25.62	25807.00	209.41	SEP
458023.4529	1146322.092	0.106	499.75	2.73	11.06	2.95	6.46	39.93	1.04	454.81	24.38	72201.00	412.88	SEP
516455.0546	1081785.443	0.088	1088.26	2.20	14.43	4.25	6.88	49.39	0.82	415.20	20.36	57245.00	340.45	SEP
386699.9804	1102234.538	0.000	0.00	1.65	17.75	0.00	6.48	22.61	0.88	768.30	26.51	24166.00	376.24	SEP
332201.8504	1172516.583	0.006	82.74	5.46	15.21	0.10	6.51	42.93	0.97	323.75	26.60	21587.00	311.29	SEP
604151.4948	1105894.194	0.018	56.45	4.60	10.82	0.28	6.47	18.06	1.10	224.98	26.39	2828.00	160.54	SEP
490848.0357	1039388.483	0.000	16.15	2.47	14.05	0.00	6.50	31.60	0.91	530.53	27.14	8544.00	545.70	SEP
443343.5606	1096571.872	0.013	252.63	4.90	10.73	0.12	6.59	47.14	0.98	400.66	24.80	25060.00	416.64	SEP
525562.8992	1129716.256	0.023	229.74	0.36	12.87	0.44	6.54	42.78	1.02	495.62	24.18	47854.00	372.60	SEP
448884.4883	1137117.411	0.066	701.70	5.18	12.95	2.18	6.63	44.19	0.99	535.01	20.58	59059.00	418.06	SEP
461685.8481	1157378.035	0.010	103.24	6.16	13.86	0.16	6.51	39.03	0.93	667.93	25.88	83726.00	323.47	SEP
408734.6134	1142729.245	0.065	1454.88	4.14	9.85	1.22	7.17	50.20	1.25	349.18	19.13	53000.00	411.77	SEP
562155.1161	1087364.049	0.040	1171.39	2.83	9.77	0.59	6.98	48.60	1.12	428.79	19.82	47170.00	323.71	SEP
341096.2485	1122688.224	0.008	123.21	3.78	16.05	0.15	6.55	37.30	0.91	61.59	26.59	31765.00	400.70	SEP
520103.6723	1096533.418	0.171	1830.46	2.52	10.52	5.38	7.43	52.79	1.10	221.47	17.38	72139.00	247.84	SEP
452501.2122	1111305.437	0.011	1013.20	1.73	14.06	0.16	6.92	45.85	1.03	744.03	21.54	41110.00	384.16	SEP
558647.2275	989663.7056	0.015	49.42	4.66	13.31	0.43	6.50	38.32	0.93	485.25	27.19	23000.00	502.06	SEP
514624.5197	1087314.461	0.035	1309.28	2.28	12.23	0.72	7.09	47.95	0.98	763.08	18.84	62169.00	267.46	SEP
323444.5913	1240793.286	0.010	48.10	2.72	17.73	0.19	6.51	39.77	0.90	29753.14	25.98	18385.00	285.84	SEP
472553.2849	1052299.837	0.000	13.60	2.37	17.04	0.00	6.49	33.52	0.90	787.08	27.16	13342.00	416.31	SEP
498175.5272	1157356.824	0.036	56.00	1.08	10.70	0.49	6.48	40.07	0.94	451.60	27.37	62426.00	283.37	SEP
408630.6556	1102172.702	0.000	1.58	2.88	14.34	0.00	6.49	17.61	0.90	772.57	27.35	16031.00	335.11	SEP
465268.3692	1089171.235	0.124	984.19	5.36	9.46	2.61	6.62	45.88	1.12	577.36	20.52	42942.00	388.09	SEP
335985.2137	1200158.114	0.044	379.01	4.08	11.01	0.80	6.70	46.29	1.10	495.35	25.52	25495.00	370.85	SEP
483528.0309	1043077.361	0.013	39.25	3.81	11.27	0.15	6.49	28.46	0.96	701.28	27.17	8062.00	570.36	SEP
505481.9784	1102058.109	0.165	2050.98	4.56	9.69	4.31	7.27	50.18	1.17	649.77	19.63	70774.00	401.10	SEP
521966.8474	1035707.211	0.215	1136.92	2.33	7.91	4.54	7.09	46.97	1.17	138.17	22.83	22627.00	460.67	SEP
476242.3007	1098378.898	0.039	848.19	6.02	14.48	1.05	6.76	43.11	0.93	483.64	22.22	56754.00	326.56	SEP
490862.4409	1098372.295	0.015	1154.24	4.86	12.34	0.21	6.97	44.68	0.98	533.17	21.12	62968.00	351.68	SEP
481717.5132	1083629.565	0.123	1032.62	4.05	11.52	4.21	6.86	47.27	0.95	444.75	20.40	45880.00	363.81	SEP
483555.7222	1105747.986	0.027	1076.65	4.40	12.93	0.54	6.96	44.57	0.99	485.81	21.40	65460.00	373.65	SEP
479921.1923	1140772.626	0.049	453.24	1.29	10.97	0.90	6.64	44.89	1.02	193.84	23.74	81345.00	351.17	SEP
423258.3138	1105825.655	0.082	160.71	3.31	10.86	1.89	6.71	40.27	1.00	260.40	25.79	19925.00	354.74	SEP
611835.7466	976871.4804	0.053	940.41	5.95	9.18	0.79	6.78	47.72	1.09	362.06	21.67	62241.00	498.33	SEP
512792.5868	1098373.396	0.152	2496.25	3.86	9.46	3.69	7.67	53.14	1.21	587.30	13.69	71113.00	239.85	SEP
326544.2777	1135664.179	0.006	49.02	3.21	14.87	0.08	6.49	30.94	0.91	515.11	26.26	29411.00	347.44	SEP
479897.3443	1098376.697	0.062	892.97	4.85	13.62	2.23	6.85	43.04	0.90	501.73	21.98	58592.00	303.34	SEP
374056.6271	1144680.605	0.003	15.09	6.23	17.10	0.04	6.47	38.05	0.88	76.04	26.77	65192.00	313.30	SEP
394175.8594	1157518.96	0.045	575.39	4.21	10.88	0.85	6.77	47.71	1.06	298.82	23.53	69635.00	357.64	SEP
503655.0226	1098371.332	0.126	1756.99	4.45	9.67	2.88	7.22	47.94	1.13	697.36	17.70	67624.00	440.44	SEP
500000	1096527.879	0.043	1378.72	4.37	11.05	0.74	7.09	45.67	1.01	276.46	20.29	64257.00	425.82	SEP
540211.5959	1092863.429	0.166	847.02	4.50	8.74	3.70	6.82	42.54	1.03	251.05	23.00	62626.00	235.17	SEP
465280.6404	1102074.3	0.026	658.74	4.23	12.45	0.49	6.79	48.61	0.97	500.94	23.10	47170.00	340.45	SEP
388859.3631	1205470.516	0.003	48.73	1.07	15.35	0.03	6.50	40.94	0.94	450.07	26.14	76295.00	299.92	SEP
531101.7709	1057832.404	0.118	2688.57	0.36	11.34	3.62	7.23	52.85	1.12	118.92	10.93	43932.00	417.22	SEP
560432.4744	1021001.884	0.051	541.44	3.16	12.61	1.35	6.81	41.37	0.96	565.05	25.05	38897.00	473.17	SEP
456173.1076	1126047.47	0.061	1749.47	3.96	9.91	1.11	7.29	50.64	1.19	389.48	17.12	53907.00	357.41	SEP
505483.0883	1094685.022	0.080	1604.23	4.24	10.81	1.84	7.20	46.75	1.07	440.50	19.20	64257.00	358.66	OCT
457973.3436	1103925.343	0.019	658.44	1.01	14.83	0.46	6.74	45.67	0.91	286.04	22.87	41593.00	307.77	OCT
457988.3964	1116828.597	0.047	1059.44	3.13	12.35	1.12	7.03	46.70	1.01	181.12	21.37	48918.00	407.55	OCT
545567.7398	1190568.004	0.002	1.36	1.99	20.73	0.04	6.48	21.66	0.96	606.31	26.16	4472.00	436.83	OCT
489018.6939	1043075.398	0.010	41.87	3.45	14.47	0.16	6.52	35.58	0.95	390.44	26.93	10296.00	657.10	OCT
381383.6709	1152029.561	0.041	108.98	4.95	13.09	1.04	6.50	44.51	0.95	546.66	26.36	68029.00	289.65	OCT
617455.0761	934487.5977	0.004	25.66	2.46	15.57	0.04	6.49	33.11	0.92	567.34	26.84	25807.00	540.27	OCT
549425.7955	1035732.561	0.232	1573.74	3.86	11.33	8.83	6.94	48.08	1.03	346.94	17.93	42638.00	601.23	OCT
483531.2057	1050450.269	0.054	69.71	3.10	11.78	1.14	6.62	39.06	0.95	659.94	26.96	15232.00	593.68	OCT
452543.1489	1142642.379	0.059	579.65	5.33	12.45	1.61	6.63	41.11	1.03	529.91	22.76	65765.00	514.84	OCT
362954.2147	1106003.872	0.101	173.93	4.79	9.34	1.79	6.45	36.90	1.07	375.77	26.09	25495.00	341.41	OCT
500000	1103900.97	0.060	1450.11	4.77	11.54	1.39	7.08	47.14	1.05	239.15	19.91	70838.00	367.42	OCT
611905.1541	951063.5427	0.000	21.00	3.14	16.15	0.00	6.49	31.28	0.89	470.64	26.94	37947.00	616.75	OCT
551142.0996	1118683.826	0.023	91.43	1.55	11.32	0.36	6.52	41.76	0.97	110.45	25.77	35511.00	340.36	OCT
503656.127	1087311.737	0.041	1398.80	0.33	14.02	0.89	6.99	43.79	0.95	741.29	19.53	57385.00	294.38	OCT
470767.1511	1107599.36	0.024	862.99	2.60	11.95	0.42	6.89	48.93	0.98	422.81	21.90	55036.00	358.25	OCT
326635.8516	1154103.987	0.002	19.87	0.83	15.75	0.03	6.48	31.23	0.89	717.87	26.51	26833.00	326.83	OCT
611561.8128	1072732.314	0.000	56.00	6.28	16.95	0.00	6.51	39.89	0.86	483.02	26.38	17493.00	161.43	OCT
554986.6794	985972.0955	0.000	15.40	4.82	14.89	0.00	6.50	34.56	0.91	318.40	26.94	19000.00	630.87	OCT
467065.4953	1054147.444	0.000	27.92	2.97	15.13	0.00	6.50	34.53	0.95	424.44	26.90	12530.00	518.32	OCT
589877.5946	956540.8174	0.162	84.59	3.80	10.84	4.82	6.60	34.11	0.91	372.68	27.27	35468.00	702.82	OCT
330573.4391	1211249.595	0.017	313.92	4.75	13.12	0.27	6.62	44.08	1.06	837.83	24.38	17720.00	339.00	OCT
430497.7417	1068943.548	0.080	102.61	4.75	11.52	2.06	6.46	29.64	0.97	576.01	26.58	8544.00	504.82	OCT
516445.1151	1103904.702	0.262	3085.33	3.77	7.90	6.01	6.95	54.50	1.31	499.31	8.24	70093.00	325.88	OCT
478074.2779	1105750.893	0.028	936.38	3.73	12.59	0.54	6.93	45.43	0.96	22.56	22.20	60745.00	338.70	OCT
461633.7513	1109451.224	0.044	770.80	3.84	13.46	1.43	6.88	47.26	0.96	655.11	22.59	48021.00	385.16	OCT
567584.6406	1116867.735	0.008	19.40	1.23	14.20	0.11	6.48	38.32	0.92	590.29	25.50	25807.00	271.09	OCT
458023.4529	1146322.092	0.106	499.75	2.73	11.06	2.95	6.46	39.93	1.04	454.81	24.18	72201.00	471.10	OCT
516455.0546	1081785.443	0.088	1088.26	2.20	14.43	4.25	6.88	49.39	0.82	415.20	20.31	57245.00	300.91	OCT
386699.9804	1102234.538	0.000	0.00	1.65	17.75	0.00	6.48	22.61	0.88	768.30	26.35	24166.00	350.99	OCT
332201.8504	1172516.583	0.006	82.74	5.46	15.21	0.10	6.51	42.93	0.97	323.75	26.19	21587.00	287.69	OCT
604151.4948	1105894.194	0.018	56.45	4.60	10.82	0.28	6.47	18.06	1.10	224.98	26.30	2828.00	194.16	OCT
490848.0357	1039388.483	0.000	16.15	2.47	14.05	0.00	6.50	31.60	0.91	530.53	26.93	8544.00	659.04	OCT
443343.5606	1096571.872	0.013	252.63	4.90	10.73	0.12	6.59	47.14	0.98	400.66	24.90	25060.00	417.10	OCT
525562.8992	1129716.256	0.023	229.74	0.36	12.87	0.44	6.54	42.78	1.02	495.62	24.36	47854.00	437.09	OCT
448884.4883	1137117.411	0.066	701.70	5.18	12.95	2.18	6.63	44.19	0.99	535.01	20.44	59059.00	421.37	OCT
461685.8481	1157378.035	0.010	103.24	6.16	13.86	0.16	6.51	39.03	0.93	667.93	25.66	83726.00	346.39	OCT
408734.6134	1142729.245	0.065	1454.88	4.14	9.85	1.22	7.17	50.20	1.25	349.18	18.90	53000.00	444.66	OCT
562155.1161	1087364.049	0.040	1171.39	2.83	9.77	0.59	6.98	48.60	1.12	428.79	19.78	47170.00	340.76	OCT
341096.2485	1122688.224	0.008	123.21	3.78	16.05	0.15	6.55	37.30	0.91	61.59	26.41	31765.00	388.60	OCT
520103.6723	1096533.418	0.171	1830.46	2.52	10.52	5.38	7.43	52.79	1.10	221.47	17.17	72139.00	279.28	OCT
452501.2122	1111305.437	0.011	1013.20	1.73	14.06	0.16	6.92	45.85	1.03	744.03	21.48	41110.00	321.90	OCT
558647.2275	989663.7056	0.015	49.42	4.66	13.31	0.43	6.50	38.32	0.93	485.25	27.21	23000.00	652.40	OCT
514624.5197	1087314.461	0.035	1309.28	2.28	12.23	0.72	7.09	47.95	0.98	763.08	18.81	62169.00	240.23	OCT
323444.5913	1240793.286	0.010	48.10	2.72	17.73	0.19	6.51	39.77	0.90	29753.14	25.77	18385.00	293.99	OCT
472553.2849	1052299.837	0.000	13.60	2.37	17.04	0.00	6.49	33.52	0.90	787.08	26.95	13342.00	467.68	OCT
498175.5272	1157356.824	0.036	56.00	1.08	10.70	0.49	6.48	40.07	0.94	451.60	27.07	62426.00	351.07	OCT
408630.6556	1102172.702	0.000	1.58	2.88	14.34	0.00	6.49	17.61	0.90	772.57	27.18	16031.00	293.49	OCT
465268.3692	1089171.235	0.124	984.19	5.36	9.46	2.61	6.62	45.88	1.12	577.36	20.20	42942.00	450.16	OCT
335985.2137	1200158.114	0.044	379.01	4.08	11.01	0.80	6.70	46.29	1.10	495.35	24.75	25495.00	325.20	OCT
483528.0309	1043077.361	0.013	39.25	3.81	11.27	0.15	6.49	28.46	0.96	701.28	26.96	8062.00	583.74	OCT
505481.9784	1102058.109	0.165	2050.98	4.56	9.69	4.31	7.27	50.18	1.17	649.77	19.49	70774.00	433.80	OCT
521966.8474	1035707.211	0.215	1136.92	2.33	7.91	4.54	7.09	46.97	1.17	138.17	22.65	22627.00	567.46	OCT
476242.3007	1098378.898	0.039	848.19	6.02	14.48	1.05	6.76	43.11	0.93	483.64	22.21	56754.00	316.65	OCT
490862.4409	1098372.295	0.015	1154.24	4.86	12.34	0.21	6.97	44.68	0.98	533.17	21.04	62968.00	329.79	OCT
481717.5132	1083629.565	0.123	1032.62	4.05	11.52	4.21	6.86	47.27	0.95	444.75	20.24	45880.00	426.70	OCT
483555.7222	1105747.986	0.027	1076.65	4.40	12.93	0.54	6.96	44.57	0.99	485.81	21.34	65460.00	363.82	OCT
479921.1923	1140772.626	0.049	453.24	1.29	10.97	0.90	6.64	44.89	1.02	193.84	23.55	81345.00	423.86	OCT
423258.3138	1105825.655	0.082	160.71	3.31	10.86	1.89	6.71	40.27	1.00	260.40	25.74	19925.00	350.99	OCT
611835.7466	976871.4804	0.053	940.41	5.95	9.18	0.79	6.78	47.72	1.09	362.06	21.50	62241.00	653.13	OCT
512792.5868	1098373.396	0.152	2496.25	3.86	9.46	3.69	7.67	53.14	1.21	587.30	13.66	71113.00	279.71	OCT
326544.2777	1135664.179	0.006	49.02	3.21	14.87	0.08	6.49	30.94	0.91	515.11	26.22	29411.00	322.28	OCT
479897.3443	1098376.697	0.062	892.97	4.85	13.62	2.23	6.85	43.04	0.90	501.73	21.95	58592.00	306.15	OCT
374056.6271	1144680.605	0.003	15.09	6.23	17.10	0.04	6.47	38.05	0.88	76.04	26.82	65192.00	332.03	OCT
394175.8594	1157518.96	0.045	575.39	4.21	10.88	0.85	6.77	47.71	1.06	298.82	23.60	69635.00	314.93	OCT
503655.0226	1098371.332	0.126	1756.99	4.45	9.67	2.88	7.22	47.94	1.13	697.36	17.81	67624.00	489.55	OCT
500000	1096527.879	0.043	1378.72	4.37	11.05	0.74	7.09	45.67	1.01	276.46	20.18	64257.00	421.84	OCT
540211.5959	1092863.429	0.166	847.02	4.50	8.74	3.70	6.82	42.54	1.03	251.05	22.88	62626.00	228.25	OCT
465280.6404	1102074.3	0.026	658.74	4.23	12.45	0.49	6.79	48.61	0.97	500.94	23.28	47170.00	309.95	OCT
388859.3631	1205470.516	0.003	48.73	1.07	15.35	0.03	6.50	40.94	0.94	450.07	25.90	76295.00	296.32	OCT
531101.7709	1057832.404	0.118	2688.57	0.36	11.34	3.62	7.23	52.85	1.12	118.92	10.72	43932.00	460.43	OCT
560432.4744	1021001.884	0.051	541.44	3.16	12.61	1.35	6.81	41.37	0.96	565.05	24.98	38897.00	582.56	OCT
456173.1076	1126047.47	0.061	1749.47	3.96	9.91	1.11	7.29	50.64	1.19	389.48	17.03	53907.00	327.22	OCT
505483.0883	1094685.022	0.080	1604.23	4.24	10.81	1.84	7.20	46.75	1.07	440.50	18.64	64257.00	168.79	NOV
457973.3436	1103925.343	0.019	658.44	1.01	14.83	0.46	6.74	45.67	0.91	286.04	22.98	41593.00	107.10	NOV
457988.3964	1116828.597	0.047	1059.44	3.13	12.35	1.12	7.03	46.70	1.01	181.12	21.21	48918.00	159.25	NOV
545567.7398	1190568.004	0.002	1.36	1.99	20.73	0.04	6.48	21.66	0.96	606.31	25.60	4472.00	557.50	NOV
489018.6939	1043075.398	0.010	41.87	3.45	14.47	0.16	6.52	35.58	0.95	390.44	27.03	10296.00	380.01	NOV
381383.6709	1152029.561	0.041	108.98	4.95	13.09	1.04	6.50	44.51	0.95	546.66	26.55	68029.00	95.39	NOV
617455.0761	934487.5977	0.004	25.66	2.46	15.57	0.04	6.49	33.11	0.92	567.34	26.94	25807.00	405.11	NOV
549425.7955	1035732.561	0.232	1573.74	3.86	11.33	8.83	6.94	48.08	1.03	346.94	17.83	42638.00	353.87	NOV
483531.2057	1050450.269	0.054	69.71	3.10	11.78	1.14	6.62	39.06	0.95	659.94	27.06	15232.00	342.88	NOV
452543.1489	1142642.379	0.059	579.65	5.33	12.45	1.61	6.63	41.11	1.03	529.91	22.35	65765.00	450.96	NOV
362954.2147	1106003.872	0.101	173.93	4.79	9.34	1.79	6.45	36.90	1.07	375.77	26.05	25495.00	130.31	NOV
500000	1103900.97	0.060	1450.11	4.77	11.54	1.39	7.08	47.14	1.05	239.15	19.48	70838.00	219.19	NOV
611905.1541	951063.5427	0.000	21.00	3.14	16.15	0.00	6.49	31.28	0.89	470.64	27.04	37947.00	444.49	NOV
551142.0996	1118683.826	0.023	91.43	1.55	11.32	0.36	6.52	41.76	0.97	110.45	25.46	35511.00	475.76	NOV
503656.127	1087311.737	0.041	1398.80	0.33	14.02	0.89	6.99	43.79	0.95	741.29	18.72	57385.00	152.18	NOV
470767.1511	1107599.36	0.024	862.99	2.60	11.95	0.42	6.89	48.93	0.98	422.81	22.01	55036.00	142.43	NOV
326635.8516	1154103.987	0.002	19.87	0.83	15.75	0.03	6.48	31.23	0.89	717.87	26.45	26833.00	102.66	NOV
611561.8128	1072732.314	0.000	56.00	6.28	16.95	0.00	6.51	39.89	0.86	483.02	26.23	17493.00	243.65	NOV
554986.6794	985972.0955	0.000	15.40	4.82	14.89	0.00	6.50	34.56	0.91	318.40	27.04	19000.00	330.40	NOV
467065.4953	1054147.444	0.000	27.92	2.97	15.13	0.00	6.50	34.53	0.95	424.44	27.00	12530.00	283.38	NOV
589877.5946	956540.8174	0.162	84.59	3.80	10.84	4.82	6.60	34.11	0.91	372.68	27.10	35468.00	578.35	NOV
330573.4391	1211249.595	0.017	313.92	4.75	13.12	0.27	6.62	44.08	1.06	837.83	23.87	17720.00	143.43	NOV
430497.7417	1068943.548	0.080	102.61	4.75	11.52	2.06	6.46	29.64	0.97	576.01	26.52	8544.00	232.95	NOV
516445.1151	1103904.702	0.262	3085.33	3.77	7.90	6.01	6.95	54.50	1.31	499.31	7.98	70093.00	252.53	NOV
478074.2779	1105750.893	0.028	936.38	3.73	12.59	0.54	6.93	45.43	0.96	22.56	22.19	60745.00	143.35	NOV
461633.7513	1109451.224	0.044	770.80	3.84	13.46	1.43	6.88	47.26	0.96	655.11	22.66	48021.00	160.60	NOV
567584.6406	1116867.735	0.008	19.40	1.23	14.20	0.11	6.48	38.32	0.92	590.29	25.14	25807.00	361.34	NOV
458023.4529	1146322.092	0.106	499.75	2.73	11.06	2.95	6.46	39.93	1.04	454.81	23.71	72201.00	383.78	NOV
516455.0546	1081785.443	0.088	1088.26	2.20	14.43	4.25	6.88	49.39	0.82	415.20	19.66	57245.00	175.43	NOV
386699.9804	1102234.538	0.000	0.00	1.65	17.75	0.00	6.48	22.61	0.88	768.30	26.29	24166.00	138.24	NOV
332201.8504	1172516.583	0.006	82.74	5.46	15.21	0.10	6.51	42.93	0.97	323.75	26.46	21587.00	103.24	NOV
604151.4948	1105894.194	0.018	56.45	4.60	10.82	0.28	6.47	18.06	1.10	224.98	25.86	2828.00	358.33	NOV
490848.0357	1039388.483	0.000	16.15	2.47	14.05	0.00	6.50	31.60	0.91	530.53	27.03	8544.00	380.71	NOV
443343.5606	1096571.872	0.013	252.63	4.90	10.73	0.12	6.59	47.14	0.98	400.66	25.64	25060.00	177.52	NOV
525562.8992	1129716.256	0.023	229.74	0.36	12.87	0.44	6.54	42.78	1.02	495.62	24.10	47854.00	462.87	NOV
448884.4883	1137117.411	0.066	701.70	5.18	12.95	2.18	6.63	44.19	0.99	535.01	20.13	59059.00	339.12	NOV
461685.8481	1157378.035	0.010	103.24	6.16	13.86	0.16	6.51	39.03	0.93	667.93	25.13	83726.00	327.24	NOV
408734.6134	1142729.245	0.065	1454.88	4.14	9.85	1.22	7.17	50.20	1.25	349.18	18.60	53000.00	255.47	NOV
562155.1161	1087364.049	0.040	1171.39	2.83	9.77	0.59	6.98	48.60	1.12	428.79	19.36	47170.00	303.73	NOV
341096.2485	1122688.224	0.008	123.21	3.78	16.05	0.15	6.55	37.30	0.91	61.59	26.06	31765.00	115.74	NOV
520103.6723	1096533.418	0.171	1830.46	2.52	10.52	5.38	7.43	52.79	1.10	221.47	16.60	72139.00	228.03	NOV
452501.2122	1111305.437	0.011	1013.20	1.73	14.06	0.16	6.92	45.85	1.03	744.03	21.34	41110.00	122.21	NOV
558647.2275	989663.7056	0.015	49.42	4.66	13.31	0.43	6.50	38.32	0.93	485.25	27.17	23000.00	352.36	NOV
514624.5197	1087314.461	0.035	1309.28	2.28	12.23	0.72	7.09	47.95	0.98	763.08	18.39	62169.00	147.77	NOV
323444.5913	1240793.286	0.010	48.10	2.72	17.73	0.19	6.51	39.77	0.90	29753.14	25.23	18385.00	132.21	NOV
472553.2849	1052299.837	0.000	13.60	2.37	17.04	0.00	6.49	33.52	0.90	787.08	27.06	13342.00	284.25	NOV
498175.5272	1157356.824	0.036	56.00	1.08	10.70	0.49	6.48	40.07	0.94	451.60	26.23	62426.00	370.96	NOV
408630.6556	1102172.702	0.000	1.58	2.88	14.34	0.00	6.49	17.61	0.90	772.57	27.04	16031.00	126.23	NOV
465268.3692	1089171.235	0.124	984.19	5.36	9.46	2.61	6.62	45.88	1.12	577.36	20.15	42942.00	189.37	NOV
335985.2137	1200158.114	0.044	379.01	4.08	11.01	0.80	6.70	46.29	1.10	495.35	24.75	25495.00	128.02	NOV
483528.0309	1043077.361	0.013	39.25	3.81	11.27	0.15	6.49	28.46	0.96	701.28	27.06	8062.00	375.92	NOV
505481.9784	1102058.109	0.165	2050.98	4.56	9.69	4.31	7.27	50.18	1.17	649.77	18.97	70774.00	228.48	NOV
521966.8474	1035707.211	0.215	1136.92	2.33	7.91	4.54	7.09	46.97	1.17	138.17	22.69	22627.00	308.42	NOV
476242.3007	1098378.898	0.039	848.19	6.02	14.48	1.05	6.76	43.11	0.93	483.64	22.19	56754.00	121.25	NOV
490862.4409	1098372.295	0.015	1154.24	4.86	12.34	0.21	6.97	44.68	0.98	533.17	20.54	62968.00	134.79	NOV
481717.5132	1083629.565	0.123	1032.62	4.05	11.52	4.21	6.86	47.27	0.95	444.75	20.24	45880.00	163.47	NOV
483555.7222	1105747.986	0.027	1076.65	4.40	12.93	0.54	6.96	44.57	0.99	485.81	21.17	65460.00	162.52	NOV
479921.1923	1140772.626	0.049	453.24	1.29	10.97	0.90	6.64	44.89	1.02	193.84	23.11	81345.00	411.75	NOV
423258.3138	1105825.655	0.082	160.71	3.31	10.86	1.89	6.71	40.27	1.00	260.40	25.43	19925.00	144.70	NOV
611835.7466	976871.4804	0.053	940.41	5.95	9.18	0.79	6.78	47.72	1.09	362.06	21.52	62241.00	471.35	NOV
512792.5868	1098373.396	0.152	2496.25	3.86	9.46	3.69	7.67	53.14	1.21	587.30	13.25	71113.00	157.75	NOV
326544.2777	1135664.179	0.006	49.02	3.21	14.87	0.08	6.49	30.94	0.91	515.11	27.16	29411.00	111.65	NOV
479897.3443	1098376.697	0.062	892.97	4.85	13.62	2.23	6.85	43.04	0.90	501.73	21.90	58592.00	114.28	NOV
374056.6271	1144680.605	0.003	15.09	6.23	17.10	0.04	6.47	38.05	0.88	76.04	26.72	65192.00	114.18	NOV
394175.8594	1157518.96	0.045	575.39	4.21	10.88	0.85	6.77	47.71	1.06	298.82	23.48	69635.00	173.81	NOV
503655.0226	1098371.332	0.126	1756.99	4.45	9.67	2.88	7.22	47.94	1.13	697.36	16.98	67624.00	232.31	NOV
500000	1096527.879	0.043	1378.72	4.37	11.05	0.74	7.09	45.67	1.01	276.46	19.79	64257.00	189.96	NOV
540211.5959	1092863.429	0.166	847.02	4.50	8.74	3.70	6.82	42.54	1.03	251.05	22.51	62626.00	228.86	NOV
465280.6404	1102074.3	0.026	658.74	4.23	12.45	0.49	6.79	48.61	0.97	500.94	23.58	47170.00	113.56	NOV
388859.3631	1205470.516	0.003	48.73	1.07	15.35	0.03	6.50	40.94	0.94	450.07	25.38	76295.00	230.84	NOV
531101.7709	1057832.404	0.118	2688.57	0.36	11.34	3.62	7.23	52.85	1.12	118.92	10.48	43932.00	232.23	NOV
560432.4744	1021001.884	0.051	541.44	3.16	12.61	1.35	6.81	41.37	0.96	565.05	25.10	38897.00	327.53	NOV
456173.1076	1126047.47	0.061	1749.47	3.96	9.91	1.11	7.29	50.64	1.19	389.48	16.71	53907.00	141.98	NOV
505483.0883	1094685.022	0.080	1604.23	4.24	10.81	1.84	7.20	46.75	1.07	440.50	17.31	64257.00	44.29	DIC
457973.3436	1103925.343	0.019	658.44	1.01	14.83	0.46	6.74	45.67	0.91	286.04	23.28	41593.00	26.18	DIC
457988.3964	1116828.597	0.047	1059.44	3.13	12.35	1.12	7.03	46.70	1.01	181.12	20.85	48918.00	36.96	DIC
545567.7398	1190568.004	0.002	1.36	1.99	20.73	0.04	6.48	21.66	0.96	606.31	24.96	4472.00	579.69	DIC
489018.6939	1043075.398	0.010	41.87	3.45	14.47	0.16	6.52	35.58	0.95	390.44	27.25	10296.00	153.24	DIC
381383.6709	1152029.561	0.041	108.98	4.95	13.09	1.04	6.50	44.51	0.95	546.66	26.73	68029.00	25.79	DIC
617455.0761	934487.5977	0.004	25.66	2.46	15.57	0.04	6.49	33.11	0.92	567.34	27.15	25807.00	165.09	DIC
549425.7955	1035732.561	0.232	1573.74	3.86	11.33	8.83	6.94	48.08	1.03	346.94	17.86	42638.00	160.84	DIC
483531.2057	1050450.269	0.054	69.71	3.10	11.78	1.14	6.62	39.06	0.95	659.94	27.28	15232.00	156.18	DIC
452543.1489	1142642.379	0.059	579.65	5.33	12.45	1.61	6.63	41.11	1.03	529.91	21.69	65765.00	457.25	DIC
362954.2147	1106003.872	0.101	173.93	4.79	9.34	1.79	6.45	36.90	1.07	375.77	26.10	25495.00	28.96	DIC
500000	1103900.97	0.060	1450.11	4.77	11.54	1.39	7.08	47.14	1.05	239.15	18.46	70838.00	133.34	DIC
611905.1541	951063.5427	0.000	21.00	3.14	16.15	0.00	6.49	31.28	0.89	470.64	27.26	37947.00	173.61	DIC
551142.0996	1118683.826	0.023	91.43	1.55	11.32	0.36	6.52	41.76	0.97	110.45	24.63	35511.00	437.07	DIC
503656.127	1087311.737	0.041	1398.80	0.33	14.02	0.89	6.99	43.79	0.95	741.29	18.29	57385.00	107.34	DIC
470767.1511	1107599.36	0.024	862.99	2.60	11.95	0.42	6.89	48.93	0.98	422.81	22.14	55036.00	44.58	DIC
326635.8516	1154103.987	0.002	19.87	0.83	15.75	0.03	6.48	31.23	0.89	717.87	26.57	26833.00	14.58	DIC
611561.8128	1072732.314	0.000	56.00	6.28	16.95	0.00	6.51	39.89	0.86	483.02	25.56	17493.00	295.16	DIC
554986.6794	985972.0955	0.000	15.40	4.82	14.89	0.00	6.50	34.56	0.91	318.40	27.26	19000.00	113.93	DIC
467065.4953	1054147.444	0.000	27.92	2.97	15.13	0.00	6.50	34.53	0.95	424.44	27.22	12530.00	121.71	DIC
589877.5946	956540.8174	0.162	84.59	3.80	10.84	4.82	6.60	34.11	0.91	372.68	27.39	35468.00	273.28	DIC
330573.4391	1211249.595	0.017	313.92	4.75	13.12	0.27	6.62	44.08	1.06	837.83	23.21	17720.00	69.78	DIC
430497.7417	1068943.548	0.080	102.61	4.75	11.52	2.06	6.46	29.64	0.97	576.01	26.65	8544.00	81.16	DIC
516445.1151	1103904.702	0.262	3085.33	3.77	7.90	6.01	6.95	54.50	1.31	499.31	7.46	70093.00	176.81	DIC
478074.2779	1105750.893	0.028	936.38	3.73	12.59	0.54	6.93	45.43	0.96	22.56	22.38	60745.00	35.68	DIC
461633.7513	1109451.224	0.044	770.80	3.84	13.46	1.43	6.88	47.26	0.96	655.11	22.83	48021.00	42.65	DIC
567584.6406	1116867.735	0.008	19.40	1.23	14.20	0.11	6.48	38.32	0.92	590.29	24.47	25807.00	427.17	DIC
458023.4529	1146322.092	0.106	499.75	2.73	11.06	2.95	6.46	39.93	1.04	454.81	23.06	72201.00	378.93	DIC
516455.0546	1081785.443	0.088	1088.26	2.20	14.43	4.25	6.88	49.39	0.82	415.20	19.17	57245.00	129.19	DIC
386699.9804	1102234.538	0.000	0.00	1.65	17.75	0.00	6.48	22.61	0.88	768.30	26.38	24166.00	44.70	DIC
332201.8504	1172516.583	0.006	82.74	5.46	15.21	0.10	6.51	42.93	0.97	323.75	26.62	21587.00	13.04	DIC
604151.4948	1105894.194	0.018	56.45	4.60	10.82	0.28	6.47	18.06	1.10	224.98	25.05	2828.00	419.39	DIC
490848.0357	1039388.483	0.000	16.15	2.47	14.05	0.00	6.50	31.60	0.91	530.53	27.25	8544.00	157.02	DIC
443343.5606	1096571.872	0.013	252.63	4.90	10.73	0.12	6.59	47.14	0.98	400.66	26.59	25060.00	44.27	DIC
525562.8992	1129716.256	0.023	229.74	0.36	12.87	0.44	6.54	42.78	1.02	495.62	23.09	47854.00	443.65	DIC
448884.4883	1137117.411	0.066	701.70	5.18	12.95	2.18	6.63	44.19	0.99	535.01	19.46	59059.00	272.72	DIC
461685.8481	1157378.035	0.010	103.24	6.16	13.86	0.16	6.51	39.03	0.93	667.93	24.48	83726.00	274.06	DIC
408734.6134	1142729.245	0.065	1454.88	4.14	9.85	1.22	7.17	50.20	1.25	349.18	18.20	53000.00	166.85	DIC
562155.1161	1087364.049	0.040	1171.39	2.83	9.77	0.59	6.98	48.60	1.12	428.79	18.89	47170.00	248.41	DIC
341096.2485	1122688.224	0.008	123.21	3.78	16.05	0.15	6.55	37.30	0.91	61.59	26.06	31765.00	22.78	DIC
520103.6723	1096533.418	0.171	1830.46	2.52	10.52	5.38	7.43	52.79	1.10	221.47	16.04	72139.00	241.88	DIC
452501.2122	1111305.437	0.011	1013.20	1.73	14.06	0.16	6.92	45.85	1.03	744.03	21.03	41110.00	25.90	DIC
558647.2275	989663.7056	0.015	49.42	4.66	13.31	0.43	6.50	38.32	0.93	485.25	27.61	23000.00	98.47	DIC
514624.5197	1087314.461	0.035	1309.28	2.28	12.23	0.72	7.09	47.95	0.98	763.08	17.69	62169.00	158.16	DIC
323444.5913	1240793.286	0.010	48.10	2.72	17.73	0.19	6.51	39.77	0.90	29753.14	24.58	18385.00	70.13	DIC
472553.2849	1052299.837	0.000	13.60	2.37	17.04	0.00	6.49	33.52	0.90	787.08	27.27	13342.00	130.61	DIC
498175.5272	1157356.824	0.036	56.00	1.08	10.70	0.49	6.48	40.07	0.94	451.60	25.43	62426.00	346.65	DIC
408630.6556	1102172.702	0.000	1.58	2.88	14.34	0.00	6.49	17.61	0.90	772.57	26.86	16031.00	33.58	DIC
465268.3692	1089171.235	0.124	984.19	5.36	9.46	2.61	6.62	45.88	1.12	577.36	20.03	42942.00	87.43	DIC
335985.2137	1200158.114	0.044	379.01	4.08	11.01	0.80	6.70	46.29	1.10	495.35	24.58	25495.00	48.67	DIC
483528.0309	1043077.361	0.013	39.25	3.81	11.27	0.15	6.49	28.46	0.96	701.28	27.28	8062.00	138.12	DIC
505481.9784	1102058.109	0.165	2050.98	4.56	9.69	4.31	7.27	50.18	1.17	649.77	17.77	70774.00	103.85	DIC
521966.8474	1035707.211	0.215	1136.92	2.33	7.91	4.54	7.09	46.97	1.17	138.17	22.77	22627.00	121.43	DIC
476242.3007	1098378.898	0.039	848.19	6.02	14.48	1.05	6.76	43.11	0.93	483.64	22.20	56754.00	29.84	DIC
490862.4409	1098372.295	0.015	1154.24	4.86	12.34	0.21	6.97	44.68	0.98	533.17	19.61	62968.00	39.28	DIC
481717.5132	1083629.565	0.123	1032.62	4.05	11.52	4.21	6.86	47.27	0.95	444.75	20.23	45880.00	39.89	DIC
483555.7222	1105747.986	0.027	1076.65	4.40	12.93	0.54	6.96	44.57	0.99	485.81	20.79	65460.00	47.70	DIC
479921.1923	1140772.626	0.049	453.24	1.29	10.97	0.90	6.64	44.89	1.02	193.84	22.45	81345.00	378.02	DIC
423258.3138	1105825.655	0.082	160.71	3.31	10.86	1.89	6.71	40.27	1.00	260.40	25.86	19925.00	41.25	DIC
611835.7466	976871.4804	0.053	940.41	5.95	9.18	0.79	6.78	47.72	1.09	362.06	21.56	62241.00	162.19	DIC
512792.5868	1098373.396	0.152	2496.25	3.86	9.46	3.69	7.67	53.14	1.21	587.30	12.66	71113.00	77.59	DIC
326544.2777	1135664.179	0.006	49.02	3.21	14.87	0.08	6.49	30.94	0.91	515.11	27.41	29411.00	14.66	DIC
479897.3443	1098376.697	0.062	892.97	4.85	13.62	2.23	6.85	43.04	0.90	501.73	21.78	58592.00	19.87	DIC
374056.6271	1144680.605	0.003	15.09	6.23	17.10	0.04	6.47	38.05	0.88	76.04	26.46	65192.00	30.26	DIC
394175.8594	1157518.96	0.045	575.39	4.21	10.88	0.85	6.77	47.71	1.06	298.82	22.86	69635.00	105.43	DIC
503655.0226	1098371.332	0.126	1756.99	4.45	9.67	2.88	7.22	47.94	1.13	697.36	15.03	67624.00	71.62	DIC
500000	1096527.879	0.043	1378.72	4.37	11.05	0.74	7.09	45.67	1.01	276.46	18.89	64257.00	45.89	DIC
540211.5959	1092863.429	0.166	847.02	4.50	8.74	3.70	6.82	42.54	1.03	251.05	21.40	62626.00	239.35	DIC
465280.6404	1102074.3	0.026	658.74	4.23	12.45	0.49	6.79	48.61	0.97	500.94	23.95	47170.00	25.23	DIC
388859.3631	1205470.516	0.003	48.73	1.07	15.35	0.03	6.50	40.94	0.94	450.07	24.73	76295.00	189.05	DIC
531101.7709	1057832.404	0.118	2688.57	0.36	11.34	3.62	7.23	52.85	1.12	118.92	10.11	43932.00	88.10	DIC
560432.4744	1021001.884	0.051	541.44	3.16	12.61	1.35	6.81	41.37	0.96	565.05	25.04	38897.00	112.15	DIC
456173.1076	1126047.47	0.061	1749.47	3.96	9.91	1.11	7.29	50.64	1.19	389.48	16.18	53907.00	71.51	DIC